424.432
490.736
945.273
233.567
427.254
753.098
957.958
433.65
787.016
478.443
375.724
495.733
269.36
498.722
551.46
299.017
260.321
783.875
686.882
464.55
214.73
659.342
832.077
381.812
652.776
322.89
754.272
452.6
546.173
258.687
482.707
145.937
470.959
193.153
31.352
899.631
586.335
1000
484.699
632.439
774.825
599.546
513.127
497.036
826.044
51.0587
55.9863
487.816
52.4183
306.937
275.278
509.659
496.599
511.204
203.403
495.356
489.801
493.56
948.117
815.311
479.014
735.68
426.368
456.782
236.366
925.156
563.939
113.691
489.471
269.893
559.109
82.9024
503.245
265.057
515.705
836.453
487.309
495.951
455.255
490.681
896.72
246.32
595.72
474.534
636.06
1000
677.38
723.08
338.502
507.677
282.151
727.959
575.197
646.668
946.186
615.871
486.283
979.032
212.299
510.189
220.129
506.593
187.298
458.208
276.251
264.365
420.965
488.223
30.3506
577.893
503.112
446.651
89.2994
290.466
512.663
746.541
764.826
280.648
866.043
364.023
976.559
556.727
302.971
626.826
21.24
344.404
496.404
502.129
509.241
72.6831
74.8364
95.5433
414.983
490.127
812.347
300.532
181.554
503.07
514.166
779.273
487.531
89.3831
243.113
495.874
876.73
405.794
826.767
499.074
209.922
928.891
244.795
473.838
484.7
408.015
422.539
892.528
672.932
729.511
385.599
149.508
362.931
137.877
569.844
226.415
465.39
247.199
488.633
591.168
585.864
359.516
72.1499
795.688
436.477
721.128
923.808
494.812
418.873
545.373
323.048
599.82
448.334
533.531
491
345.532
909.251
938.171
256.835
205.089
753.281
687.416
511.737
965.534
455.682
685.633
459.664
489.228
968.339
921.667
966.628
501.624
349.731
677.176
474.342
498.388
955.821
181.104
642.697
321.893
492.23
287.818
896.759
502.25
585.662
486.863
537.089
617.261
488.223
482.038
655.014
360.702
621.053
810.186
8.17063
616.065
684.836
488.223
501.199
370.313
779.91
288.153
349.218
115.694
71.6574
375.037
266.014
343.934
120.59
490.051
712.327
478.06
665.355
385.934
126.569
688.594
61.934
467.506
11.2147
497.296
882.336
471.609
974.851
703.374
236.903
573.968
488.72
301.056
488.376
359.777
493.742
405.436
757.6
490.181
423.976
577.421
916.662
865.463
254.94
377.027
693.958
547.799
419.07
378.732
469.185
255.531
794.803
550.724
528.216
430.625
463.009
91.6129
486.815
77.1056
127.899
192.914
892.337
452.92
543.14
531.024
514.083
692.66
938.546
497.17
613.133
502.75
482.509
713.852
559.166
563.558
455.413
180.144
218.595
483.05
418.493
577.813
788.565
395.286
845.199
929.655
492.854
302.06
523.972
667.013
774.397
609.227
341.581
421.688
389.686
61.37
499.474
168.339
99.0483
484.312
6.77223
415.21
24.9879
519.951
789.26
240.038
596.943
732.544
787.077
169.747
617.197
479.622
706.417
216.734
257.753
114.099
401.897
851.111
943.057
170.84
456.994
242.821
184.293
472.744
431.172
466.807
472.654
494.547
859.045
529.7
310.723
393.202
493.03
733.714
762.679
418.747
346.822
546.753
280.353
464.292
972.451
217.175
479.535
632.407
739.383
345.071
429.788
789.588
490.851
488.583
198.863
289.97
140.612
494.142
738.434
808.859
663.288
6316.67
