25107.1
4608.25
220676
548.298
31000.4
147528
262999
26040.7
123343
45651.1
21200.1
11540.9
1021.14
58221.3
98743.6
1802.13
1234.32
142463
105354
2132.73
3858.01
90721.6
170529
6709.78
129093
4681.15
160141
22609.3
96365.7
1211.28
30419.5
6140.35
29352
2307.27
208.664
255705
67003
320716
30123.7
116039
199041
80541.6
74326.8
33837.8
165782
762.057
1014.55
76086.1
902.239
1220.9
9585.39
38634.5
12504.1
15518
3342.61
25878.4
1295.6
23148.5
208448
193219
30970.4
114058
858.636
20883
6959.01
239285
56737.9
921.582
15687.8
5232.23
46830.1
2088.77
55337.5
847.062
7812.05
166281
15932.2
8262.04
20698
74248.6
207541
3823.36
103288
13331.5
24144.2
311633
145893
104438
13819.3
80411.3
12165.3
130539
102947
131003
274429
86588.9
78385.1
300794
764.905
79777.3
2396.73
13999.7
909.593
26743.3
11178.7
4784.99
26092.8
50086.6
187.621
81056
40868.6
9675.5
2153.57
446.988
12627.7
136604
153258
11727
221538
9803.05
308772
39546.6
10008.7
36539.6
54.4743
8410.4
52787
34522.2
72899.5
68.08
734.454
2736.07
2681.57
1244.63
152488
2266.12
0
47319.2
75221.3
143499
75375.5
813.59
1518.69
34432.4
196195
11190.9
178040
66626.3
0
51824.4
1528.95
22684.3
5071.08
18304.9
4409.42
77738.5
130878
133273
13677
1305.41
2851.97
202.834
52350.7
1049.21
32417.2
5534.01
46477.7
103565
61599
12275.9
404.659
203133
18208.6
170637
197354
77387.9
2720.08
41482.6
2483.44
57517.7
19241.5
46409.5
78635.8
14643
236879
218816
7384.38
3640.6
116871
151644
82954.1
268491
18540.3
150248
8113.06
61800.1
297265
247251
263255
79444.2
1313.43
147258
37944.8
9137.68
293882
5464.8
116596
11901
79544.7
12407
264246
58888.6
86988.9
7084.76
92811.8
119733
74856.4
36665.6
88505
11003.2
68064.3
187914
7.63741
70709.1
155393
36952.1
15871.5
10828.6
123438
3824.46
9962.73
1664.9
579.57
6730.91
2501.26
4956.12
1338.56
44292.7
101091
60617.2
83424.8
13797.5
784.358
88325.7
1106.17
28946.1
38.0882
45288.5
253374
41479.8
311946
103831
6339.48
70060.5
72608.8
3459.08
11098.7
18512
78185.5
18175.6
177345
6349.81
5685.51
107416
207451
247901
933.593
13879.5
114101
37435.5
493.522
17286.2
8717.44
5824.9
203671
61339.8
79135.6
0
15818.2
809.395
29880.7
1758.81
885.844
5353.92
211616
579.717
58379.4
90755.4
889.956
108733
287920
10123.7
122208
79408.7
59451.9
109474
63580.6
52476.8
30845.1
749.155
12533.1
53928.1
13041.7
53543.9
155647
24925.4
45747.1
267029
1115.11
10826.2
54115.4
43317.7
130110
120372
1198.91
651.14
12298.1
933.476
44746.4
818.758
1496.62
67811.7
3.03794
20855.1
142.898
83221.5
138072
1664.46
103985
169584
182830
1248
69474
76279.5
108896
8409.21
551.796
368.75
8814.77
228687
259787
729.147
34560.2
6883.15
762.462
2636.64
21891.9
35391.7
8600.17
12716.2
241409
82474.1
2994.95
8826.99
71732.2
175770
122183
11322.7
15747.7
65706.6
14058.4
70073.1
308710
1436.12
58505.5
120852
178986
8658.81
9989.19
203125
889.79
1625.91
180.73
12399.5
894.429
79314
118823
149274
53131.8
