371.252
10653.4
227394
13138.1
256868
8135.4
24220.3
16606.6
343.036
124971
5992.14
154212
43308.9
265567
25205
55546.8
107653
377.5
167805
1175.85
262219
177983
245917
17690.3
144947
145078
407.062
218.854
64780.3
0
62724.8
69981.7
5237.38
0
26872.3
19159.6
19562.1
5643.87
227923
4412.56
113637
75418.7
197402
23457.5
182759
272618
236371
864.556
241960
20090.6
21987.4
126263
33216.5
186285
179324
31.3718
205016
19.5019
124563
248393
4543.38
14840.3
10532.2
146.68
17764
19.4385
121694
108950
0
32553
181430
82521
208562
29806
161.368
14547.1
5836.98
182301
123869
116482
105196
63681.8
109583
1457.02
15828.3
169576
53462.2
255101
77447.5
52199.3
64488
170946
245684
68337.3
3217.68
67666.2
33926.3
69380.5
68786.5
10149.2
716.685
71455.2
755.7
101028
312753
258627
5739.23
132584
108945
2280.82
228129
139879
259805
76527.6
526.229
5098.29
5.04307
37271.4
83.6825
6951.58
8855.31
231030
233590
257046
96250.6
43920.3
77823.2
2207.13
164438
175786
291607
711.427
1263.83
72092.7
107483
55682.5
15151.8
6676.4
262509
5562.56
296781
296425
409.76
288747
180470
172971
67406.1
205112
24740.9
250721
13214.7
163445
229616
195.729
100966
7240.28
17991
4828.53
256738
179361
33480.2
8205.56
282068
14663
250169
0
41063.3
71319.5
88415
130472
132861
29643
5938.56
149780
3375.35
261134
52597.2
62846.1
8759.65
11069.3
60896
259397
4429.72
27767.3
12058.8
10980.3
698.035
82569.6
40836.2
66249.7
177999
87216.5
10839.8
10240.6
78564.1
30202.2
212013
0.333333
283058
8784.75
13577.2
25877.7
27.345
332.17
31549.6
55334
1346.56
18085.6
12505.3
49470.4
266308
6311.59
49.9184
114541
9069.03
18662.3
27905.6
49079.2
30809.3
14001.2
77314.4
4954.32
51859.5
1210.74
21499.7
6027.23
342.163
145897
18236.8
125785
80898.6
6023.74
250276
39461.1
85225.5
56517.8
10567.6
169743
268.652
66534.9
159567
21484.3
2125.97
187081
205698
4747.8
80523
8410.65
6.67728
3059.61
1594.15
152.899
293481
107536
3756.49
104793
27698.7
285602
118201
66050.1
42561.8
18317
2723.25
35542.7
212593
42959.8
6497.62
0
269.251
67569.4
311466
34890.7
98754.9
188894
1551.34
114525
188765
67454.3
34816.4
154753
174774
245031
85202
406.377
196791
1008.36
8123.8
8.66416
36945.4
186.759
68336.2
56156.1
55085.5
146071
9293.38
0
600.901
10823.8
62150
43833.7
202185
102622
116698
305655
15162.1
135660
242760
309945
23536.6
302068
9272.78
136351
14322.5
57265.7
177461
6171.16
70432.6
146.9
205.511
80835.2
294531
9744.8
143061
5155.9
674.305
241521
47642.2
1616.66
93896.8
285345
138672
1031.27
200.778
19.098
1789.47
109204
18523.9
49540.7
26154.8
48136.3
6609.01
8221.13
212417
257337
270.572
4832.63
26518.1
101356
62552.8
0
279974
57516.7
75610.9
255692
2995.5
6130.58
3300.98
270076
260417
95451.3
24837
17404.7
473.932
80.3598
107436
268249
279712
0.333333
97046.1
45249
306665
44919
88342.1
113440
846.608
1075.11
97546.9
95975.1
276334
89957.9
13494
46799
30761.5
33879.4
50022.7
14427.2
135710
196771
4025.63
39224.1
6283.47
3898.39
73795.6
73801.2
6536.62
254767
79168.2
18807.9
45022.3
162211
209637
38363.2
239591
147028
20703.5
10.0351
69236.2
9947.54
16564.3
336.023
114512
302111
207264
3471.86
35509
219609
44.1197
64684.3
0.551373
171038
51490.8
66771.9
80303.3
623.564
176780
94925.7
57655.1
79411.5
11990.1
269396
41696.5
2123.26
99239.7
288326
252458
75718
792.795
15583.3
7380.74
17942.3
943.97
30264.8
17321.4
251646
394.185
14201.7
25334.2
377.156
41260.8
1005.62
74586.2
125779
222279
141612
8238.54
492.735
36705.1
39277.5
313.498
118.899
282.95
296842
39793.4
76191.9
147670
228793
21313
206064
181570
261588
2458.7
279659
59944
106295
7962.62
33519.4
1512.32
74138.7
5428.71
193644
13866
10234.8
67657.7
100694
18771
42185.3
2629.59
4736.97
20880.2
247937
650.427
91278
143040
205615
153037
8470.53
72.3246
112906
10601.8
5767.78
