44.241
274.007
887.096
352.401
877.84
274.113
427.745
459.331
77.8685
702.734
311.107
808.168
404.387
914.347
406.731
566.761
699.123
92.7828
764.976
155.593
964.764
787.204
882.582
478.943
819.633
733.465
172.622
137.552
588.378
12.522
501.089
550.746
314.89
77.0862
437.698
345.505
420.743
324.851
905.804
203.706
710.609
649.524
875.68
482.738
829.843
942.486
844.148
196.416
895.684
429.012
385.251
693.025
390.372
759.434
806.987
90.3942
906.477
13.4086
702.257
863.521
260.725
330.686
375.749
111.494
491.983
156.721
822.924
630.781
17.1682
444.197
826.843
590.215
863.514
472.842
58.5271
311.842
186.79
830.603
656.662
809.151
669.162
573.537
670.868
79.1424
362.599
797.982
501.918
986.116
669.661
561.084
524.487
809.277
972.494
498.404
214.386
685.442
479.457
567.391
527.156
271.853
222.339
596.066
163.671
584.169
989.929
896.2
191.56
676.021
667.375
206.279
903.815
784.632
941.23
605.393
152.122
266.7
39.7416
510.237
103.762
308.138
327.014
863.734
891.824
878.751
622.525
564.625
569.951
243.69
759.414
733.262
959.436
99.5894
174.866
694.166
740.883
635.451
336.486
250.865
888.219
209.085
1000
987.772
98.2826
933.063
815.88
791.531
523.673
846.523
402.328
867.273
289.027
811.919
835.844
33.8629
662.307
301.324
392.515
196.379
885.634
818.49
461.085
302.887
959.42
369.308
870.829
52.3432
479.741
578.913
663.052
689.326
780.324
490.689
247.125
702.656
258.463
933.976
459.349
620.045
284.32
387.07
595.108
932.617
202.308
490.879
346.441
345.999
211.007
675.288
512.753
636.136
942.223
552.279
326.546
176.876
618.474
403.293
897.981
1
937.583
266.631
363.087
356.41
12.3659
72.263
363.535
510.513
134.558
360.953
356.733
518.418
900.923
190.154
97.7322
811.674
317.008
464.126
289.338
594.759
493.983
312.619
670.827
316.645
453.414
174.788
330.933
235.288
110.407
720.658
344.017
770.473
642.767
335.039
890.787
504.857
617.089
413.899
387.705
853.245
116.268
647.824
730.087
401.372
178.069
793.407
840.734
252.186
609.456
305.802
4.47569
330.17
165.283
123.372
942.674
711.72
202.039
741.922
398.984
941.922
688.755
587.546
527.3
352.486
96.1474
509.267
924.32
620.265
205.3
1.76051
60.0302
596.92
996.21
481.527
762.253
850.062
191.526
748.557
821.297
580.464
436.976
776.198
863.01
888.406
700.65
124.396
948.199
191.677
339.553
49.659
423.238
25.7517
585.648
578.774
533.372
862.986
315.677
131.718
237.944
360.327
626.59
455.46
838.26
677.81
616.548
970.359
356.931
719.735
874.615
982.076
421.399
953.503
284.157
752.448
279.254
571.276
874.455
213.456
552.586
35.54
24.8562
583.932
1000
345.604
829.365
287.166
140.402
899.509
635.392
183.209
644.415
932.02
796.364
231.922
106.114
47.8182
184.822
715.583
370.757
560.193
322.311
486.78
276.406
201.146
882.908
940.918
120.668
144.577
415.929
668.012
519.887
59.1734
975.076
568.996
595.391
878.107
220.963
223.471
253.702
906.467
895.886
750.867
485.882
370.63
155.366
20.1488
631.144
900.802
933.844
1
685.644
584.619
984.067
599.708
684.674
686.402
110.826
94.9162
633.341
671.137
963.795
629.282
295.325
511.164
392.891
469.307
477.285
331.936
647.959
779.71
302.824
558.251
333.959
310.704
616.89
565.59
300.763
976.469
601.705
436.737
535.746
812.634
888.241
529.412
862.716
735.056
411.766
187.272
724.275
250.747
279.512
138.052
756.375
955.198
895.102
296.852
389.281
878.453
50.0111
613.874
40.4984
776.058
493.498
557.091
611.146
82.3903
731.615
669.085
508.934
612.226
470.124
899.322
517.083
168.793
649.062
973.52
870.272
607.632
167.476
329.884
309.891
452.339
117.717
500.18
339.455
954.781
129.145
276.598
394.932
68.7817
467.766
154.218
662.969
740.443
818.406
688.358
267.327
157.672
445.511
545.651
65.5429
72.0075
83.3443
973.252
504.681
642.597
791.595
961.802
392.716
824.072
776.152
924.558
194.965
931.583
622.448
757.215
270.806
500.049
211.92
635.661
261.287
842.301
330.524
238.102
605.471
683.832
291.486
476.08
168.71
336.692
460.798
916.476
72.6801
679.542
773.486
838.297
715.608
244.251
84.8494
600.459
251.894
287.858
8333.33
