12193.5
25114.6
790.929
0
267815
197478
215547
3954.05
192690
20271.1
115642
5459.21
9815.54
5692.17
11596.3
235333
190878
236174
220785
6466.25
2945.84
60947.4
56520.5
14383
84739.4
134758
41484.9
31912.7
41109.4
175572
40427.4
95033.9
855.549
107124
51681.6
11079.2
88350.3
124711
63136.2
45809
116098
4841.69
98106.8
183626
32440.3
684.559
103130
30699.1
214885
2632
61465.7
30550.2
7861.22
82088.7
40100.8
86207.8
879.831
253073
1285.5
434.786
3917.42
62617
2070.1
298303
4651.31
211389
50762.5
91663.3
0
207732
16371.3
3588.1
653.106
1577.56
54451.3
2527.38
3035.36
3430.09
194477
284411
54657.9
155495
154105
356.904
249394
32601.3
101465
1838.19
308329
239310
136325
99730.6
272277
60017.4
151161
10482.1
233795
90488.7
132767
5941.76
2956.63
168674
171156
90374.2
248394
85574.8
19486.5
5797.39
0
5428.08
1397.03
4938.94
226711
48110.3
3078.2
459.793
36480.2
269806
97765.6
137.06
232630
64979.7
29343.7
3298.03
214380
2129.21
64070.6
23569
2433.27
1968.5
8483.57
91255
288686
1172.96
7386.36
303851
0
70.7702
31784.3
186640
1885.13
41139.6
40037.3
40145.6
12507.1
2596.12
192479
223373
8144.4
62073.3
137131
31959.9
4053.26
1177.55
109700
28041.8
283158
9336.47
2368.74
67908.5
308523
16541.9
0
24275.3
10619.1
258554
184139
73558.5
15222.1
179416
3358.87
0
51703.7
2197.28
535.76
79577.3
12680.8
706.083
16637.3
6315.45
36372
68671.5
101971
266560
53465.2
391.293
123525
142713
103697
7013.15
36354.8
266536
134012
130829
236452
14546.7
162679
171953
54548.8
13199.4
1570.36
26821
211791
101.036
126452
1915.24
0
10554
294696
57133.9
15505.5
2691.79
109765
54797.4
6969.08
198232
209717
16767.9
61393.9
3685.79
10792
157533
45835.5
9111.77
18630.1
25446
323556
158888
37930.9
5256.83
1428.54
79626.7
66542.4
1388.9
13535.7
9281.18
3836.07
7460.14
24649.2
10053.9
18691.2
16449.6
253413
155662
69081.1
4872.91
123914
1589.97
8626.3
62.2973
211675
3246.03
63280.9
9332.47
95670.1
144694
57900.8
2605.71
166513
7477.38
11055.5
238539
249123
3172.01
23245.2
8245.46
49855.1
8270.51
7259.86
212016
274947
184770
81213.1
143715
598.326
205567
4151.26
256033
215080
300571
35043.1
5557.26
155974
114995
285722
3252.49
23112.8
2091.24
175044
112890
21501.1
18043.1
58486.6
174007
70842.1
41577.7
53549.1
296.451
3846.56
2816.7
87358.8
27399
198064
46795.3
273325
270002
15243.5
0
191022
1863.23
22075
31988.4
203444
212057
2546.17
66117.4
41486.1
118255
5374.42
11351.6
11747.6
81537.8
190938
4502.85
318003
295226
93773.9
104938
534.95
158579
5412.32
261515
2995.91
34906.6
76.8487
144004
5153.97
26018
2222.78
187455
283169
189769
84808.6
196285
177649
0
191582
22046.3
195962
276714
93209.1
4655.3
0
43.0873
103539
5087.42
1490.81
2607.7
25582.5
235145
94602.8
180064
10644.5
164841
3844
12081.4
16583.4
77818.5
0
12866
1211.27
64829.7
13432.1
3079.83
175245
7518
1970.58
4850.93
261809
8667.53
6861.12
252053
617.969
65728.3
217445
168385
289039
3678.42
5474.73
82485.4
551.231
1737.18
61541.6
266263
108176
9926.42
2828.45
67876.6
4088.24
111068
260571
1185.77
28666.7
134223
33049.5
167905
53755.8
12528.6
16792
291047
230996
99905
326797
2729.96
0
49521.6
229513
28920.2
63110.1
57549
128219
0
6494.81
21823.2
80652.2
9696.68
131434
70038.7
291883
146309
8517.41
73390.6
33906.2
61832.8
29775.7
66627.6
50549.2
90346.3
173525
2422.98
228103
219732
4836.73
195036
2032.69
18425.6
8324.85
622.851
1029.25
153406
1607.53
5146.23
142225
5657.17
6754.39
301833
71012.4
153676
49769
266703
39092.4
91336.3
15246.8
32113.2
18383
66775.4
0
9446.79
50465.3
2660.32
324379
303789
100562
17978.9
94401.3
14698
80065.5
213436
0
62916.6
9917.04
25640.1
73524
5370.91
17103.2
7616.14
25930.9
81635.4
32519.5
0
296593
1209.51
303454
10326.9
115003
83968.2
41075.8
7044.02
289831
57875.4
