449.542
607.639
93.0816
462.811
989.245
987.8
927.47
314.88
989.221
433.303
1000
394.809
289.857
394.506
653.033
991.287
995.177
986.642
992.295
238.547
537.082
867.09
753.861
542.803
996.602
994.6
474.626
704.829
704.852
987.656
903.806
675.224
231.362
709.688
850.437
557.282
709.774
775.103
742.698
731.495
969.183
440.624
892.447
993.492
710.986
699.088
692.201
612.851
986.233
494.197
703.818
340.919
575.486
864.941
745.909
998.689
361.002
976.909
542.091
439.196
305.376
979.723
225.132
989.68
258.089
987.752
503.069
990.078
450.85
990.694
639.029
352.719
214.573
265.934
849.423
317.106
194.008
491.86
998.268
991.825
761.861
952.291
932.584
87.4271
990.662
564.849
994.626
198.332
993.967
981.789
807.072
948.07
993.551
805.977
991.997
572.813
1000
998.8
981.1
358.037
294.934
985.451
988.922
999.681
989.71
757.833
575.588
559.068
388.01
152.023
189.625
135.095
996.63
796.42
454.693
360.203
986.685
992.381
880.658
475.923
991.365
816.683
333.21
508.272
985.989
249.098
832.557
572.766
132.703
301.607
473.041
690.381
996.531
257.99
534.639
994.659
49.1873
148.937
674.992
987.061
249.506
807.7
990.327
635.391
584.565
311.139
985.186
996.96
998.274
759.769
959.149
579.996
489.111
726.444
996.865
540.622
992.683
493.416
147.085
750.776
985.613
506.768
928.952
655.468
281.522
984.671
989.004
695.961
482.465
896.657
130.507
110.491
998.033
267.86
103.979
867.563
358.335
251.822
431.033
498.82
996.333
987.574
1000
956.872
930.418
189.126
942.67
995.881
996.475
492.511
675.682
987.058
808.639
990.817
904.276
423.881
997.237
996.637
950.335
352.611
241.24
556.665
985.76
399.862
990.181
279.084
206.874
318.759
994.099
962.553
368.916
351.109
788.238
679.459
221.393
992.244
995.541
298.688
720.358
266.559
555.147
994.415
993.494
593.571
712.503
666.083
987.853
992.892
617.611
327.385
320.643
992.246
779.352
435.598
323.294
823.899
464.497
451.844
553.966
727.347
359.723
535.551
992.748
894.693
861.411
281.599
940.674
240.054
350.893
74.4795
991.35
346.643
984.558
380.297
847.167
997.208
990.237
332.839
998.862
267.892
582.506
997.186
989.573
263.25
494.711
539.157
720.577
307.764
632.053
986.087
988.798
994.985
861.53
991.13
200.982
997.871
395.596
991.99
988.133
991.703
700.563
473.885
708.821
858.824
991.418
497.142
610.828
210.732
987.904
989.733
513.736
707.578
767.115
958.746
732.379
992.884
701.424
282.002
124.855
377.397
938.258
719.047
996.599
663.323
993.242
996.636
503.221
164.782
990.969
392.088
332.4
625.512
992.643
991.756
410.154
995.973
685.154
993.988
314.276
587.238
907.036
989.527
890.666
423.057
995.856
998.381
716.212
699.115
32.4193
994.781
338.297
991.732
223.946
668.36
21.6798
996.029
324.349
593.511
480.291
994.813
997.368
992.597
993.3
980.615
968.317
309.518
998.456
631.63
994.219
985.638
887.424
403.423
32.6041
452.884
936.658
412.197
139.126
545.772
439.111
987.957
697.071
994.422
212.576
994.652
417.744
399.893
698.746
968.21
258.12
522.764
0
825.443
910.328
332.245
906.812
492.751
168.538
155.853
917.705
512.346
266.826
986.337
108.715
875.117
990.265
822.248
992.821
183.754
524.723
705.949
90.3418
174.314
998.418
994.028
957.527
285.251
319.642
991.748
414.314
749.484
993.16
83.728
650.582
797.54
412.194
980.798
999.252
408.296
541.697
992.006
994.911
998.946
988.486
270.429
284.017
678.076
996.82
622.039
715.577
758.099
878.37
24.4871
156.058
997.725
817.204
332.28
668.068
693.217
982.593
986.288
205.16
988.799
509.755
712.139
652.175
993.291
993.442
911.001
990.316
411.374
993.279
989.783
442.697
986.901
149.362
704.64
500.005
695.075
201.865
941.723
507.174
201.311
983.9
430.66
428.927
989.566
714.892
946.08
664.991
984.683
435.444
830.751
403.514
651.737
904.394
686
0
668.72
766.039
369.458
996.041
994.646
725.551
997.257
812.787
421.253
892.7
990.145
14.4436
991.053
532.609
561.274
998.481
294.407
664.535
350.034
552.567
818.631
903.758
189.535
1000
291.416
995.826
282.832
981.2
722.465
685.522
292.911
991.515
987.07
8333.33
