48127.1
178925
655.976
474.645
653.78
195162
2730.52
167101
76471.4
67462.7
516.411
1222.39
96253.7
2886.66
311046
192109
494.679
44577.5
8821.49
16609.8
40587.8
82082.2
509.384
109104
5237.84
244265
229923
129008
79724.9
234345
46273.9
177257
296305
257228
291.752
13776.5
3354.28
53988.4
56932.7
159650
489.612
2201.89
123749
23290.4
238644
140907
27090.8
307032
214787
118232
241733
15892
619.604
139865
109097
109233
1028.26
16946.9
7714.81
193711
3658.01
183116
155748
140.693
79665.3
9663.93
99684.8
592.492
307251
3681.74
333.369
862.84
48704
1089.82
171651
25727.5
237532
717.298
8244.1
4337.93
89226.9
743.433
4282.89
275587
30270.9
300563
1553.73
2467
15305.6
871.855
1346.87
3366.95
196239
46243.8
82532.7
71762.4
28043.3
90597.7
237684
6957.32
7402.56
286599
25159.1
101377
672.585
15245.3
119402
76689.3
701.829
1226.11
201066
923.323
42979.4
1110.56
17946.3
188722
5729.23
224437
182935
15558.9
42541.3
202675
1228.71
233618
1600.19
1107.24
263508
2251.46
124853
2468.36
10819.1
5042.96
1416.62
53.5557
310081
5020.88
277713
2472.86
292876
23468.9
135659
8668.06
21497.5
625.061
880.812
2339.03
287525
5263.38
184676
16519
23798.5
12971.9
92332.1
917.088
184997
160445
8644.63
88132.5
275412
264742
46327.1
253408
115925
133199
1338.58
285276
232327
2166.3
58754.8
31453.4
24881
124178
207418
79167.9
5000.94
48201.9
60242.8
5163.52
242288
830.873
256785
132658
37901.1
166425
787.338
162070
558.64
514.228
55666.8
158319
12358
77421.1
63883.2
8389.78
55637.7
112866
22380.5
829.609
287379
16394.6
294206
794.896
241178
134356
22394.5
60755.3
13046.3
29281.2
35045.4
7445.72
58236.2
42707.3
47348.9
7851.49
20112.1
2608.77
82607.1
73934.3
142173
125267
71414.1
5354
31276.9
101339
49010.3
73864.9
105082
552.914
17745.6
209919
21678.9
536.308
77531.2
20918.2
307015
213123
268656
168492
94091
398.02
194138
879.871
65560.1
28205.8
288658
240131
156426
22680
752.575
96265
475.111
984.626
9732.34
235067
555.628
5304.06
206685
1957.77
29793.9
717.508
1081.62
951.032
140287
3289.39
3420.99
124414
858.402
311513
478.205
2739.05
144980
146762
79741.2
9480.12
7946.53
186301
110062
42071.2
108662
51771.8
434.855
114006
7941.27
2193.25
127270
226890
154210
5984.09
156159
283625
709.946
46328.7
31851.2
289939
471.026
3674.59
42179.4
5515
7965.98
66920.1
269.702
190860
309218
153175
288563
14472.2
265083
168613
280381
86601.1
177138
88917.3
1851.47
252263
804.18
50131.3
34759.3
731.428
41869
18220.2
1205.1
219619
304531
96685.3
96140.1
103445
100627
61724.4
6327.07
249129
157292
4392.71
606.267
228703
3246.38
143911
169008
153749
37659.9
197878
306000
21512.7
55866.6
11123.7
144109
28565.6
1581.86
277596
166173
6840.05
276505
284064
176961
121296
165283
12834.8
44869.2
1041.87
5613.03
9643.06
336.507
10993.2
110984
636.821
12626.3
6300.39
4597.48
17606.9
5652.01
11420.6
3570.51
258279
2097.42
140189
704.926
839.727
126010
5209.09
112292
92891.8
35603.7
27237.2
17211.8
26805.6
4197.64
19203.5
193176
76075.1
294414
4095.68
78208
418.782
112197
27466.9
19285.7
1942.53
252733
231896
242.088
2500.04
656.01
711.159
12132.2
5190.91
14853.3
12780.8
300552
1363.47
2708.4
143505
64970.7
201941
109571
794.737
110129
166215
5725.27
537.688
3200.61
1420.14
188136
53330.6
293.011
43954.3
1101.96
21272.7
92578
132796
14958.5
258724
166323
144105
1764.33
2683.53
107244
252305
168005
698.233
22369.8
38209
7570.78
17080.7
3196.8
259.929
125431
280044
35375.1
262678
3327.53
473.396
71631
21837.1
291020
5473.12
41101.8
1475.59
15252
9115.9
235782
40053.9
180805
685.238
7333.35
4707.79
1584.93
37863
148993
246960
281128
184613
667.181
54919.4
90966.8
117301
101640
1538.03
722.412
241152
62173.9
80148.1
3318.03
5328.06
187669
1318.65
219150
10605.6
11098.7
131410
11200.6
2116.95
197188
205111
162894
31646.4
179486
1304.28
27700.4
5402.93
1304.87
383.998
74907.3
10125.6
177750
743.087
219000
3068.51
44764.4
7571.92
27519.9
156950
170541
1926.98
139201
9685.53
283160
688.502
168157
13820.8
5388.6
4696.02
192396
8267.49
109852
202144
655.885
555.567
582.8
29653.1
52214.9
220208
585.22
96965.6
424.283
2243.28
48072.8
153394
56409.9
40616.1
273582
25578.4
172627
38982.5
40357.3
7123.66
75608.8
1831.19
85527
885.209
123564
104822
136322
94106.3
942.793
1963.67
77159.4
17463.1
21093.7
8313.95
191125
164684
570.054
424.488
275749
284974
725.311
6598.64
13448.2
33032.8
47340.4
34819.8
199860
27855.3
2033.42
109192
38942.5
137217
193208
16019.9
257400
32255.2
7453.38
60282.2
65993.5
148789
2165.35
1532.21
181124
280158
18296.1
246688
2111.04
70523.8
179.944
8301.07
36747
8808.95
8319.58
211434
272889
73.272
3915.35
117140
308.944
17370.2
192900
57480.2
263.753
65747.5
42942.4
1020.8
7054.71
113415
20687.9
251.626
1896.41
234611
16946.4
470.194
5705.81
57558.5
78862
285702
10261.7
26193.9
205239
5190.2
119503
151790
1380.16
182280
686.825
45888.3
210856
2286.17
1771.01
239154
67834.9
272032
6808.28
141853
1107.45
83391.2
460.653
63497.4
258113
12836.9
13384.8
152807
810.553
113251
585.155
101335
12316.4
286.583
23263.9
193667
684.087
1003.71
272732
1804.85
45466.7
607.956
125200
17033.2
451.054
2111.56
125708
9495.73
27271.2
147674
576.667
637.922
12633.6
4330.37
267345
2747.49
28610.2
136723
695.629
957.148
5971.27
874.232
126157
5961.62
264168
238482
48576.7
192951
22044.1
210464
134591
859.317
289419
3527.43
137753
55037.8
920.213
91782.4
12757.4
9489.17
82605.3
324.2
246876
320246
160049
131264
286397
40456
645.891
630.809
856.954
10821.7
220552
176334
322.301
