653.835
862.117
184.555
233.214
376.267
1000
365.385
930.365
821.279
615.472
183.653
196.4
765.474
351.085
1000
1000
392.641
567.373
239.203
328.497
660.509
688.922
221.376
623.969
474.593
1000
1000
1000
760.887
1000
964.815
1000
1000
1000
295.649
473.282
373.882
647.118
597.425
1000
185.902
321.103
852.347
460.604
1000
877.49
554.353
1000
978.89
846.914
998.804
481.94
156.349
961.592
637.988
799.717
630.108
565.906
380.827
1000
376.021
1000
1000
47.3477
725.682
192.22
896.012
220.821
1000
343.61
71.6137
129.792
681.357
261.116
908.369
522.925
974.748
234.234
598.885
430.023
767.297
337.037
523.915
1000
574.39
1000
196.363
188.25
515.491
292.814
357.537
278.79
981.287
749.29
686.851
717.254
546.228
773.689
1000
303.974
638.324
1000
553.763
666.124
149.548
436.269
906.822
622.693
88.3697
236.374
850.213
227.776
695.31
207.136
514.588
939.921
615.522
1000
1000
373.97
681.882
1000
151.68
1000
251.631
516.703
1000
240.516
1000
373.466
431.376
406.304
183.202
246.41
1000
261.414
947.88
251.423
1000
615.472
835.577
456.595
631.728
195.637
621.529
211.273
1000
197.889
943.074
524.026
599.463
517.775
915.304
354.026
883.8
811.528
521.242
765.801
1000
1000
502.333
1000
851.223
1000
206.602
1000
940.738
214.386
610.549
430.13
1000
1000
1000
839.74
445.141
638.853
833.822
280.699
1000
162.102
1000
900.474
665.305
1000
299.334
1000
76.3855
201.365
760.669
842.387
493.889
727.412
688.714
501.14
653.924
853.361
436.875
301.734
1000
453.437
1000
158.57
1000
958.321
563.346
721.409
464.232
448.477
536.28
444.042
817.584
673.76
582.058
325.321
624.653
237.492
716.118
722.655
854.051
907.926
676.548
436.589
625.031
647.985
1000
723.449
821.303
246.252
462.833
1000
605.64
474.336
751.872
588.546
1000
1000
941.323
994.389
810.057
159.646
956.445
116.471
614.248
625.684
1000
1000
945.992
512.48
242.593
948.587
188.83
334.354
369.5
1000
157.85
247.461
1000
185.017
565.733
146.731
366.673
189.288
783.13
358.911
407.825
1000
309.451
1000
159.676
301.995
753.621
724.512
1000
299.629
308.694
929.734
867.745
604.75
906.833
682.079
331.354
1000
441.602
290.47
846.534
1000
856.167
457.823
1000
929.552
113.156
718.198
551.277
1000
87.0142
193.613
544.656
451.517
402.691
650.129
261.244
955.768
1000
945.987
1000
266.294
1000
1000
992.756
771.474
1000
596.045
367.963
1000
161.317
687.985
626.897
196.013
591.421
551.329
215.229
883.84
1000
747.609
616.023
1000
855.588
751.899
273.375
1000
985.615
253.298
208.536
997.765
248.549
956.923
944.17
878.336
534.589
1000
1000
590.512
1000
418.936
919.996
531.658
73.5596
1000
872.415
428.863
1000
1000
907.519
900.789
886.009
525.871
669.355
238.642
294.821
411.476
310.894
349.173
1000
272.31
244.74
329.428
408.645
484.39
414.096
485.565
370.545
1000
202.106
903.36
218.024
93.0501
864.209
255.298
902.87
785.919
674.546
627.738
539.549
557.389
354.36
581.493
967.288
759.764
1000
310.385
746.338
178.508
874.789
507.198
408.069
360.745
1000
1000
141.28
301.845
95.8271
261.112
412.374
312.907
350.461
314.811
1000
618.756
450.019
978.221
931.799
1000
841.222
137.736
760.075
934.489
288.011
325.359
385.908
219.596
1000
1000
310.634
705.616
181.681
571.107
991.481
1000
406.028
1000
915.83
945.934
218.697
208.974
752.568
1000
1000
242.388
494.88
717.476
527.366
540.156
197.65
155.636
844.424
821.872
598.009
1000
632.907
209.136
747.043
595.712
1000
510.999
621.17
283.829
413.381
279.864
963.251
596.971
952.072
183.667
446.844
311.337
238.415
575.24
867.959
1000
1000
960.691
184.423
633.25
711.545
777.637
638.437
334.019
548.923
1000
745.104
698.337
472.181
272.502
951.457
257.681
973.625
379.984
442.065
887.9
357.473
227.119
995.492
1000
991.356
591.869
972.564
472.592
503.783
508.535
160.657
248.718
726.215
479.184
946.3
251.383
959.802
636.329
588.646
376.741
590.287
906.756
874.889
374.412
1000
464.847
1000
221.403
980.701
482.872
383.234
238.341
1000
521.666
818.106
970.227
246.68
198.847
551.536
586.31
639.452
947.562
392.068
902.333
169.073
276.559
740.846
837.074
696.62
645.797
1000
703.699
1000
695.633
649.837
430.048
823.832
318.641
896.424
246.516
816.968
746.712
898.898
849.367
197.184
266.818
830.54
613.913
368.903
422.106
954.072
1000
212.92
104.801
1000
1000
132.538
612.191
477.92
625.775
661.136
667.638
923.341
557.054
110.299
1000
658.808
882.765
926.892
375.235
1000
630.444
453.723
743.497
823.305
855.336
132.358
271.136
1000
1000
425.443
1000
326.96
897.713
162.879
385.694
622.764
414.997
330.815
952.178
1000
156.121
615.472
617.727
160.257
314.651
1000
837.469
347.661
699.818
661.489
199.572
419.917
862.787
494.72
171.595
437.227
1000
466.215
185.298
501.733
684.226
743.268
1000
467.502
428.036
864.63
630.727
1000
885.987
242.933
901.67
203.919
631.284
940.141
465.329
276.8
1000
719.517
1000
416.606
994.259
91.0997
842.452
277.829
685.152
1000
530.408
396.248
1000
226.51
881.691
142.888
636.384
470.508
307.728
508.367
959.617
297.88
425.593
1000
371.459
721.782
457.149
1000
482.239
482.471
295.645
703.474
389.777
480.653
868.033
125.409
302.228
429.372
358.373
1000
506.762
656.04
822.782
184.376
216.05
444.426
439.473
826.752
444.833
1000
1000
806.586
847.337
537
829.842
965.116
242.271
1000
302.084
846.211
616.559
112.682
843.978
445.616
385.807
737.373
129.447
1000
1000
1000
791.808
1000
713.674
485.579
208.161
169.066
498.06
1000
981.492
87.2227
11916.7
