618.091
525.216
590.943
596.852
1000
773.263
1000
592.532
608.195
186.442
700.476
299.267
319.72
691.107
816.683
926.672
848.566
653.988
451.897
147.828
189.373
887.941
190.565
133.803
1000
600.642
218.182
618.944
878.285
870.57
912.311
719.402
1000
614.716
420.121
588.803
642.041
825.567
561.6
756.278
910.463
220.508
1000
1000
195.901
592.197
592.532
840.51
235.251
1000
592.532
1000
541.488
998.513
1000
654.898
572.436
302.111
907.897
586.218
293.329
98.4191
128.321
658.057
473.981
591.614
72.8527
824.496
775.59
511.261
720.705
266.881
272.192
715.768
196.634
828.554
483.023
637.43
544.048
415.755
354.191
492.393
604.965
98.0019
590.349
591.945
237.992
448.906
240.103
202.772
458.806
419.018
422.043
522.265
714.01
609.991
595.278
812.145
804.031
353.239
899.597
1000
147.028
718.067
300.549
1000
444.742
600.105
286.341
970.254
657.264
808.274
324.82
516.078
715.96
879.055
918.303
416.954
728.314
771.953
659.015
599.681
564.87
612.576
1000
590.927
1000
289.401
594.464
294.273
854.118
992.388
633.862
802.524
385.616
328.042
437.589
582.033
264.591
149.832
749.217
609.443
671.671
374.604
262.573
596.809
555.455
305.234
564.88
1000
694.988
787.043
787.564
1000
488.514
332.353
964.478
639.611
85.8878
350.1
589.267
399.374
853.462
252.13
748.738
546.205
223.938
498.939
573.68
592.532
589.205
588.646
934.89
552.592
167.006
239.054
883.557
718.869
601.582
973.771
121.759
344.394
592.532
840.699
651.86
589.745
735.359
631.353
748.871
1000
1000
480.765
397.768
769.416
718.012
862.201
916.869
472.978
902.662
107.78
592.926
737.364
610.931
952.287
3400
