118883
15128.8
11439
40963
312949
55034.2
227948
25558.8
65336.7
1278.06
82964.2
6106.1
5673.82
96683.5
183535
239022
146240
118123
15386.1
1173.35
379.499
229509
2055.17
2261.29
135846
29005
5327.61
47102.3
193316
150418
231917
79834.3
311716
47262.2
22795.2
318.493
45305.9
63892.7
46098.4
151183
197720
3969.96
259332
270569
583.502
93851.4
23016.9
127930
3935.52
276966
127452
294840
42500.7
172702
296911
62386.4
8638.65
18675.2
142709
3164.48
1165.04
1444.19
5318.27
52947.1
21422.1
44899.8
1382.23
132983
102521
6095.29
65241
6445.83
14036.6
160648
2535.87
135017
17924.3
132413
23602.7
3685.93
4572.14
32267.6
36417.4
2984.13
39732.1
52862.1
13655.1
18131.1
5565.7
1430.6
4103.17
2555.27
43856.3
39324.4
145150
106786
97834.7
141922
99931.2
18555.8
122418
247915
1205.28
78957.1
5918.87
256673
22366.5
18570
15420.2
202318
94671.9
68837.4
6126.4
26755.3
85549.4
202524
237150
14647.4
69476.6
278532
65042.3
30491.6
49122.2
76058.6
224572
9040.72
151616
223.425
32985.7
2915.5
199250
285928
53028.8
142713
11548.8
9745.08
15136.9
38771.3
2142.39
3399.15
173623
16517.1
139945
256.559
19992.2
116257
48966.5
4573.39
23331.3
307302
58704.1
156297
173314
108437
6933.79
940.223
236690
52745.5
680.578
7009.59
8050.61
15225.9
172237
839.515
100371
31998.2
12115
27015.3
4517.44
43342.9
3357.66
49174.1
241885
8647.33
5676.41
1612.92
151350
80228.1
107113
143696
4599.54
1115
91616.1
111257
129486
37847
67282.8
114468
105808
314186
309983
8061.99
16966.5
139762
83688.7
117259
247165
31991.5
202349
1032.4
97784.3
98496.5
58419.8
238936
