0
1 1
10 1
397 1
406 1
407 1
2 2
11 2
398 2
406 2
408 2
3 3
12 3
399 3
406 3
409 3
4 4
13 4
400 4
406 4
410 4
5 5
14 5
401 5
406 5
411 5
6 6
15 6
402 6
406 6
412 6
7 7
16 7
403 7
406 7
413 7
8 8
17 8
404 8
406 8
414 8
9 9
18 9
405 9
406 9
415 9
2 10
11 10
19 10
22 10
3 11
12 11
19 11
23 11
5 12
14 12
19 12
25 12
6 13
15 13
19 13
26 13
7 14
16 14
19 14
27 14
8 15
17 15
19 15
28 15
9 16
18 16
19 16
29 16
10 17
20 17
30 17
39 17
48 17
11 18
20 18
31 18
40 18
49 18
12 19
20 19
32 19
41 19
50 19
13 20
20 20
33 20
42 20
51 20
14 21
20 21
34 21
43 21
52 21
15 22
20 22
35 22
44 22
53 22
16 23
20 23
36 23
45 23
54 23
17 24
20 24
37 24
46 24
55 24
18 25
20 25
38 25
47 25
56 25
19 26
21 26
22 26
23 26
24 26
25 26
26 26
27 26
28 26
29 26
20 27
30 27
31 27
32 27
33 27
34 27
35 27
36 27
37 27
38 27
21 28
22 29
23 30
24 31
25 32
26 33
27 34
28 35
29 36
30 37
32 38
33 39
34 40
35 41
36 42
37 43
38 44
39 45
48 45
57 45
59 45
40 46
49 46
57 46
60 46
41 47
50 47
57 47
61 47
42 48
51 48
57 48
62 48
43 49
52 49
57 49
63 49
44 50
53 50
57 50
64 50
45 51
54 51
57 51
65 51
46 52
55 52
57 52
66 52
47 53
56 53
57 53
67 53
48 54
58 54
68 54
77 54
49 55
58 55
69 55
78 55
50 56
58 56
70 56
79 56
51 57
58 57
71 57
80 57
52 58
58 58
72 58
81 58
53 59
58 59
73 59
82 59
54 60
58 60
74 60
83 60
55 61
58 61
75 61
84 61
56 62
58 62
76 62
85 62
57 63
59 63
60 63
61 63
62 63
63 63
64 63
65 63
66 63
67 63
58 64
68 64
69 64
70 64
71 64
72 64
73 64
74 64
75 64
76 64
59 65
60 66
61 67
62 68
63 69
64 70
65 71
66 72
67 73
68 74
69 75
71 76
72 77
73 78
74 79
75 80
76 81
40 82
41 83
77 84
96 84
97 84
78 85
96 85
98 85
79 86
96 86
99 86
80 87
96 87
100 87
81 88
96 88
101 88
82 89
96 89
102 89
83 90
96 90
103 90
84 91
96 91
104 91
85 92
96 92
105 92
77 93
86 93
87 93
106 93
78 94
86 94
88 94
107 94
79 95
86 95
89 95
108 95
80 96
86 96
90 96
109 96
81 97
86 97
91 97
110 97
82 98
86 98
92 98
111 98
83 99
86 99
93 99
112 99
84 100
86 100
94 100
113 100
85 101
86 101
95 101
114 101
86 102
87 102
88 102
89 102
90 102
91 102
92 102
93 102
94 102
95 102
87 103
88 104
89 105
90 106
91 107
92 108
93 109
94 110
95 111
105 112
96 113
97 113
98 113
99 113
100 113
101 113
102 113
103 113
104 113
105 113
106 114
125 114
126 114
107 115
125 115
127 115
108 116
125 116
128 116
109 117
125 117
129 117
110 118
125 118
130 118
111 119
125 119
131 119
112 120
125 120
132 120
113 121
125 121
133 121
114 122
125 122
134 122
106 123
115 123
116 123
136 123
107 124
115 124
117 124
137 124
108 125
115 125
118 125
138 125
109 126
115 126
119 126
135 126
139 126
110 127
115 127
120 127
140 127
111 128
115 128
121 128
141 128
112 129
115 129
122 129
142 129
113 130
115 130
123 130
143 130
114 131
115 131
124 131
144 131
115 132
116 132
117 132
118 132
119 132
120 132
121 132
122 132
123 132
124 132
116 133
117 134
118 135
119 136
120 137
121 138
122 139
123 140
124 141
134 142
125 143
126 143
127 143
128 143
129 143
130 143
131 143
132 143
133 143
134 143
136 144
145 144
146 144
156 144
137 145
145 145
147 145
157 145
138 146
145 146
148 146
155 146
158 146
139 147
145 147
149 147
159 147
140 148
145 148
150 148
160 148
141 149
145 149
151 149
161 149
142 150
145 150
152 150
162 150
143 151
145 151
153 151
163 151
144 152
145 152
154 152
164 152
146 153
147 154
148 155
149 156
150 157
151 158
152 159
153 160
154 161
145 162
146 162
147 162
148 162
149 162
150 162
151 162
152 162
153 162
154 162
135 163
136 163
137 163
138 163
139 163
140 163
141 163
142 163
143 163
144 163
135 164
156 165
165 165
166 165
176 165
157 166
165 166
167 166
177 166
158 167
165 167
168 167
175 167
178 167
159 168
165 168
169 168
179 168
160 169
165 169
170 169
180 169
161 170
165 170
171 170
181 170
162 171
165 171
172 171
182 171
163 172
165 172
173 172
183 172
164 173
165 173
174 173
184 173
166 174
167 175
168 176
169 177
170 178
171 179
172 180
173 181
174 182
165 183
166 183
167 183
168 183
169 183
170 183
171 183
172 183
173 183
174 183
155 184
156 184
157 184
158 184
159 184
160 184
161 184
162 184
163 184
164 184
155 185
176 186
185 186
186 186
195 186
204 186
177 187
185 187
187 187
196 187
205 187
181 188
185 188
191 188
200 188
209 188
182 189
185 189
192 189
201 189
210 189
183 190
185 190
193 190
202 190
211 190
184 191
185 191
194 191
203 191
212 191
186 192
187 193
188 194
189 195
190 196
191 197
192 198
193 199
194 200
185 201
186 201
187 201
188 201
189 201
190 201
191 201
192 201
193 201
194 201
175 202
176 202
177 202
178 202
179 202
180 202
181 202
182 202
183 202
184 202
175 203
195 204
204 204
213 204
215 204
196 205
205 205
213 205
216 205
197 206
206 206
213 206
217 206
198 207
207 207
213 207
218 207
199 208
208 208
213 208
219 208
200 209
209 209
213 209
220 209
201 210
210 210
213 210
221 210
202 211
211 211
213 211
222 211
203 212
212 212
213 212
223 212
204 213
214 213
224 213
233 213
205 214
214 214
225 214
234 214
206 215
214 215
226 215
235 215
207 216
214 216
227 216
236 216
208 217
214 217
228 217
237 217
209 218
214 218
229 218
238 218
210 219
214 219
230 219
239 219
211 220
214 220
231 220
240 220
212 221
214 221
232 221
241 221
213 222
215 222
216 222
217 222
218 222
219 222
220 222
221 222
222 222
223 222
214 223
224 223
225 223
226 223
227 223
228 223
229 223
230 223
231 223
232 223
215 224
216 225
217 226
218 227
219 228
220 229
222 230
223 231
224 232
225 233
226 234
227 235
228 236
229 237
230 238
231 239
232 240
233 241
310 241
319 241
328 241
330 241
234 242
311 242
320 242
328 242
331 242
235 243
312 243
321 243
328 243
332 243
236 244
313 244
322 244
328 244
333 244
237 245
314 245
323 245
328 245
334 245
238 246
315 246
324 246
328 246
335 246
239 247
316 247
325 247
328 247
336 247
240 248
317 248
326 248
328 248
337 248
241 249
318 249
327 249
328 249
338 249
233 250
242 250
243 250
253 250
234 251
242 251
244 251
252 251
254 251
235 252
242 252
245 252
255 252
236 253
242 253
246 253
256 253
237 254
242 254
247 254
257 254
238 255
242 255
248 255
258 255
239 256
242 256
249 256
259 256
240 257
242 257
250 257
260 257
241 258
242 258
251 258
261 258
242 259
243 259
244 259
245 259
246 259
247 259
248 259
249 259
250 259
251 259
243 260
245 261
246 262
247 263
248 264
249 265
251 266
253 267
262 267
263 267
272 267
281 267
254 268
262 268
264 268
273 268
282 268
255 269
262 269
265 269
274 269
283 269
256 270
262 270
266 270
275 270
284 270
257 271
262 271
267 271
276 271
285 271
258 272
262 272
268 272
277 272
286 272
259 273
262 273
269 273
278 273
287 273
260 274
262 274
270 274
279 274
288 274
261 275
262 275
271 275
280 275
289 275
263 276
264 277
265 278
266 279
267 280
268 281
269 282
270 283
271 284
262 285
263 285
264 285
265 285
266 285
267 285
268 285
269 285
270 285
271 285
252 286
253 286
254 286
255 286
256 286
257 286
258 286
259 286
260 286
261 286
272 287
281 287
290 287
292 287
310 287
319 287
273 288
282 288
290 288
293 288
311 288
320 288
274 289
283 289
290 289
294 289
312 289
321 289
275 290
284 290
290 290
295 290
313 290
322 290
276 291
285 291
290 291
296 291
314 291
323 291
277 292
286 292
290 292
297 292
315 292
324 292
278 293
287 293
290 293
298 293
316 293
325 293
279 294
288 294
290 294
299 294
317 294
326 294
280 295
289 295
290 295
300 295
318 295
327 295
281 296
291 296
301 296
348 296
282 297
291 297
302 297
349 297
283 298
291 298
303 298
350 298
284 299
291 299
304 299
351 299
285 300
291 300
305 300
352 300
286 301
291 301
306 301
353 301
287 302
291 302
307 302
354 302
288 303
291 303
308 303
355 303
289 304
291 304
309 304
356 304
290 305
292 305
293 305
294 305
295 305
296 305
297 305
298 305
299 305
300 305
291 306
301 306
302 306
303 306
304 306
305 306
306 306
307 306
308 306
309 306
292 307
293 308
294 309
295 310
296 311
297 312
298 313
299 314
300 315
301 316
302 317
303 318
304 319
305 320
306 321
307 322
308 323
309 324
280 325
319 326
329 326
339 326
320 327
329 327
340 327
321 328
329 328
341 328
322 329
329 329
342 329
323 330
329 330
343 330
324 331
329 331
344 331
325 332
329 332
345 332
326 333
329 333
346 333
327 334
329 334
347 334
328 335
330 335
331 335
332 335
333 335
334 335
335 335
336 335
337 335
338 335
329 336
339 336
340 336
341 336
342 336
343 336
344 336
345 336
346 336
347 336
330 337
331 338
332 339
333 340
334 341
335 342
336 343
337 344
338 345
339 346
340 347
341 348
342 349
343 350
344 351
345 352
346 353
347 354
348 355
367 355
368 355
349 356
367 356
369 356
350 357
367 357
370 357
351 358
367 358
371 358
352 359
367 359
372 359
353 360
367 360
373 360
354 361
367 361
374 361
355 362
367 362
375 362
356 363
367 363
376 363
348 364
357 364
358 364
378 364
349 365
357 365
359 365
379 365
350 366
357 366
360 366
380 366
351 367
357 367
361 367
381 367
352 368
357 368
362 368
382 368
353 369
357 369
363 369
383 369
354 370
357 370
364 370
384 370
355 371
357 371
365 371
385 371
356 372
357 372
366 372
377 372
386 372
357 373
358 373
359 373
360 373
361 373
362 373
363 373
364 373
365 373
366 373
358 374
359 375
360 376
361 377
362 378
363 379
364 380
365 381
366 382
376 383
367 384
368 384
369 384
370 384
371 384
372 384
373 384
374 384
375 384
376 384
378 385
387 385
388 385
397 385
379 386
387 386
389 386
398 386
380 387
387 387
390 387
399 387
381 388
387 388
391 388
400 388
382 389
387 389
392 389
401 389
383 390
387 390
393 390
402 390
384 391
387 391
394 391
403 391
385 392
387 392
395 392
404 392
386 393
387 393
396 393
405 393
388 394
389 395
390 396
391 397
392 398
393 399
394 400
395 401
396 402
387 403
388 403
389 403
390 403
391 403
392 403
393 403
394 403
395 403
396 403
377 404
378 404
379 404
380 404
381 404
382 404
383 404
384 404
385 404
386 404
397 405
416 405
417 405
398 406
416 406
418 406
399 407
416 407
419 407
400 408
416 408
420 408
401 409
416 409
421 409
402 410
416 410
422 410
403 411
416 411
423 411
404 412
416 412
424 412
405 413
416 413
425 413
406 414
407 414
408 414
409 414
410 414
411 414
412 414
413 414
414 414
415 414
407 415
408 416
409 417
410 418
411 419
412 420
413 421
414 422
415 423
425 424
416 425
417 425
418 425
419 425
420 425
421 425
422 425
423 425
424 425
425 425
