0
18 1
19 2
20 3
21 4
22 5
23 6
24 7
25 8
26 9
27 10
28 11
29 12
30 13
31 14
32 15
33 16
34 17
35 18
42 19
43 20
44 21
45 22
46 23
47 24
1 25
15 25
20 25
21 25
22 25
23 25
36 25
37 25
42 25
43 25
2 26
15 26
20 26
21 26
22 26
23 26
36 26
37 26
42 26
43 26
3 27
15 27
20 27
21 27
22 27
23 27
36 27
37 27
42 27
43 27
4 28
15 28
20 28
21 28
22 28
23 28
36 28
37 28
42 28
43 28
5 29
15 29
20 29
21 29
22 29
23 29
36 29
37 29
42 29
43 29
6 30
15 30
20 30
21 30
22 30
23 30
36 30
37 30
42 30
43 30
7 31
15 31
20 31
21 31
22 31
23 31
36 31
37 31
42 31
43 31
8 32
15 32
20 32
21 32
22 32
23 32
36 32
37 32
42 32
43 32
9 33
15 33
20 33
21 33
22 33
23 33
36 33
37 33
42 33
43 33
10 34
15 34
20 34
21 34
22 34
23 34
36 34
37 34
42 34
43 34
1 35
16 35
26 35
27 35
28 35
29 35
38 35
39 35
44 35
45 35
2 36
16 36
26 36
27 36
28 36
29 36
38 36
39 36
44 36
45 36
3 37
16 37
26 37
27 37
28 37
29 37
38 37
39 37
44 37
45 37
4 38
16 38
26 38
27 38
28 38
29 38
38 38
39 38
44 38
45 38
5 39
16 39
26 39
27 39
28 39
29 39
38 39
39 39
44 39
45 39
6 40
16 40
26 40
27 40
28 40
29 40
38 40
39 40
44 40
45 40
7 41
16 41
26 41
27 41
28 41
29 41
38 41
39 41
44 41
45 41
8 42
16 42
26 42
27 42
28 42
29 42
38 42
39 42
44 42
45 42
9 43
16 43
26 43
27 43
28 43
29 43
38 43
39 43
44 43
45 43
10 44
16 44
26 44
27 44
28 44
29 44
38 44
39 44
44 44
45 44
1 45
17 45
32 45
33 45
34 45
35 45
40 45
41 45
46 45
47 45
2 46
17 46
32 46
33 46
34 46
35 46
40 46
41 46
46 46
47 46
3 47
17 47
32 47
33 47
34 47
35 47
40 47
41 47
46 47
47 47
4 48
17 48
32 48
33 48
34 48
35 48
40 48
41 48
46 48
47 48
5 49
17 49
32 49
33 49
34 49
35 49
40 49
41 49
46 49
47 49
6 50
17 50
32 50
33 50
34 50
35 50
40 50
41 50
46 50
47 50
7 51
17 51
32 51
33 51
34 51
35 51
40 51
41 51
46 51
47 51
8 52
17 52
32 52
33 52
34 52
35 52
40 52
41 52
46 52
47 52
9 53
17 53
32 53
33 53
34 53
35 53
40 53
41 53
46 53
47 53
10 54
17 54
32 54
33 54
34 54
35 54
40 54
41 54
46 54
47 54
11 55
12 56
13 57
14 58
1 59
2 60
3 61
4 62
5 63
6 64
7 65
8 66
9 67
10 68
11 69
12 69
13 69
14 69
48 70
49 71
50 72
51 73
52 74
53 75
54 76
55 77
56 78
57 79
58 80
48 81
59 81
49 82
60 82
50 83
61 83
51 84
62 84
52 85
63 85
53 86
64 86
54 87
65 87
55 88
66 88
56 89
67 89
57 90
68 90
58 91
69 91
48 92
59 92
49 93
60 93
50 94
61 94
51 95
62 95
52 96
63 96
53 97
64 97
54 98
65 98
55 99
66 99
56 100
67 100
57 101
68 101
58 102
69 102
11 103
15 103
18 103
19 103
20 103
21 103
22 103
23 103
42 103
43 103
12 104
16 104
24 104
25 104
26 104
27 104
28 104
29 104
44 104
45 104
13 105
17 105
30 105
31 105
32 105
33 105
34 105
35 105
46 105
47 105
18 106
36 106
18 107
19 107
37 107
24 108
38 108
24 109
25 109
39 109
30 110
40 110
30 111
31 111
41 111
59 112
70 112
60 113
71 113
61 114
72 114
62 115
73 115
63 116
74 116
64 117
75 117
65 118
76 118
66 119
77 119
67 120
78 120
68 121
79 121
69 122
80 122
59 123
70 123
60 124
71 124
61 125
72 125
62 126
73 126
63 127
74 127
64 128
75 128
65 129
76 129
66 130
77 130
67 131
78 131
68 132
79 132
69 133
80 133
11 134
15 134
18 134
19 134
20 134
21 134
22 134
23 134
42 134
43 134
12 135
16 135
24 135
25 135
26 135
27 135
28 135
29 135
44 135
45 135
13 136
17 136
30 136
31 136
32 136
33 136
34 136
35 136
46 136
47 136
18 137
36 137
18 138
19 138
37 138
24 139
38 139
24 140
25 140
39 140
30 141
40 141
30 142
31 142
41 142
70 143
81 143
71 144
82 144
72 145
83 145
73 146
84 146
74 147
85 147
75 148
86 148
76 149
87 149
77 150
88 150
78 151
89 151
79 152
90 152
80 153
91 153
70 154
81 154
71 155
82 155
72 156
83 156
73 157
84 157
74 158
85 158
75 159
86 159
76 160
87 160
77 161
88 161
78 162
89 162
79 163
90 163
80 164
91 164
11 165
15 165
18 165
19 165
20 165
21 165
22 165
23 165
42 165
43 165
12 166
16 166
24 166
25 166
26 166
27 166
28 166
29 166
44 166
45 166
13 167
17 167
30 167
31 167
32 167
33 167
34 167
35 167
46 167
47 167
18 168
36 168
18 169
19 169
37 169
24 170
38 170
24 171
25 171
39 171
30 172
40 172
30 173
31 173
41 173
81 174
82 175
83 176
84 177
85 178
86 179
87 180
88 181
89 182
90 183
91 184
81 185
82 186
83 187
84 188
85 189
86 190
87 191
88 192
89 193
90 194
91 195
11 196
15 196
18 196
19 196
20 196
21 196
22 196
23 196
42 196
43 196
12 197
16 197
24 197
25 197
26 197
27 197
28 197
29 197
44 197
45 197
13 198
17 198
30 198
31 198
32 198
33 198
34 198
35 198
46 198
47 198
18 199
36 199
18 200
19 200
37 200
24 201
38 201
24 202
25 202
39 202
30 203
40 203
30 204
31 204
41 204