0
1 1
2 2
3 3
4 4
5 5
6 6
7 7
8 8
9 9
10 10
11 11
12 12
13 13
14 14
15 15
16 16
17 17
18 18
19 19
20 20
21 21
22 22
23 23
24 24
25 25
26 26
27 27
28 28
29 29
30 30
31 31
32 32
33 33
34 34
35 35
36 36
37 37
38 38
39 39
40 40
41 41
42 42
43 43
44 44
45 45
46 46
47 47
48 48
49 49
50 50
51 51
52 52
53 53
54 54
55 55
56 56
57 57
58 58
59 59
60 60
61 61
62 62
63 63
64 64
65 65
66 66
67 67
68 68
69 69
70 70
71 71
72 72
73 73
74 74
75 75
76 76
77 77
78 78
79 79
80 80
81 81
82 82
83 83
84 84
85 85
86 86
87 87
88 88
89 89
90 90
91 91
92 92
93 93
94 94
95 95
96 96
97 97
98 98
99 99
100 100
101 101
102 102
103 103
104 104
105 105
106 106
107 107
108 108
109 109
110 110
111 111
112 112
113 113
114 114
115 115
116 116
117 117
118 118
119 119
120 120
121 121
122 122
123 123
124 124
125 125
126 126
127 127
128 128
129 129
130 130
131 131
132 132
133 133
134 134
135 135
136 136
137 137
138 138
139 139
140 140
141 141
142 142
143 143
144 144
145 145
146 146
147 147
148 148
149 149
150 150
151 151
152 152
153 153
154 154
155 155
156 156
157 157
158 158
159 159
160 160
161 161
162 162
163 163
164 164
165 165
166 166
167 167
168 168
169 169
170 170
171 171
172 172
173 173
174 174
175 175
176 176
177 177
178 178
179 179
180 180
181 181
182 182
183 183
184 184
185 185
186 186
187 187
188 188
189 189
190 190
191 191
192 192
193 193
194 194
195 195
196 196
197 197
198 198
199 199
200 200
201 201
202 202
203 203
204 204
205 205
206 206
207 207
208 208
209 209
210 210
211 211
212 212
213 213
214 214
215 215
216 216
217 217
218 218
219 219
220 220
221 221
222 222
223 223
224 224
225 225
226 226
227 227
228 228
229 229
230 230
231 231
232 232
233 233
234 234
235 235
236 236
237 237
238 238
239 239
240 240
241 241
242 242
243 243
244 244
245 245
246 246
247 247
248 248
249 249
250 250
251 251
252 252
253 253
254 254
255 255
256 256
257 257
258 258
259 259
260 260
261 261
262 262
263 263
264 264
265 265
266 266
267 267
268 268
269 269
270 270
271 271
272 272
273 273
274 274
275 275
276 276
277 277
278 278
279 279
280 280
281 281
282 282
283 283
284 284
285 285
286 286
287 287
288 288
289 289
290 290
291 291
292 292
293 293
294 294
295 295
296 296
297 297
298 298
299 299
300 300
301 301
302 302
303 303
304 304
305 305
306 306
307 307
308 308
309 309
310 310
311 311
312 312
313 313
314 314
315 315
316 316
317 317
318 318
319 319
320 320
321 321
322 322
323 323
324 324
325 325
326 326
327 327
328 328
329 329
330 330
331 331
332 332
333 333
334 334
335 335
336 336
337 337
338 338
339 339
340 340
341 341
342 342
343 343
344 344
345 345
346 346
347 347
348 348
349 349
350 350
351 351
352 352
353 353
354 354
355 355
356 356
357 357
358 358
359 359
360 360
361 361
362 362
363 363
364 364
365 365
366 366
367 367
368 368
369 369
370 370
371 371
372 372
373 373
374 374
375 375
376 376
377 377
378 378
379 379
380 380
381 381
382 382
383 383
384 384
385 385
386 386
387 387
388 388
389 389
390 390
391 391
392 392
393 393
394 394
395 395
396 396
397 397
398 398
399 399
400 400
401 401
402 402
403 403
404 404
405 405
406 406
407 407
408 408
409 409
410 410
411 411
412 412
413 413
414 414
415 415
416 416
417 417
418 418
419 419
420 420
421 421
422 422
423 423
424 424
425 425
426 426
427 427
428 428
429 429
430 430
431 431
432 432
433 433
434 434
435 435
436 436
437 437
438 438
439 439
440 440
441 441
442 442
443 443
444 444
445 445
446 446
447 447
448 448
449 449
450 450
451 451
452 452
14 453
15 453
32 453
47 453
48 453
96 453
359 453
360 453
373 453
374 453
393 453
394 453
413 453
414 453
433 453
434 453
455 453
461 453
47 454
48 454
96 454
112 454
113 454
161 454
373 454
374 454
393 454
394 454
413 454
414 454
433 454
434 454
461 454
467 454
112 455
113 455
161 455
177 455
178 455
226 455
393 455
394 455
413 455
414 455
433 455
434 455
467 455
473 455
177 456
178 456
226 456
242 456
243 456
291 456
413 456
414 456
433 456
434 456
473 456
479 456
242 457
243 457
291 457
307 457
308 457
356 457
433 457
434 457
479 457
485 457
1 458
3 458
32 458
34 458
36 458
96 458
359 458
360 458
373 458
374 458
393 458
394 458
413 458
414 458
433 458
434 458
455 458
461 458
34 459
36 459
96 459
99 459
101 459
161 459
373 459
374 459
393 459
394 459
413 459
414 459
433 459
434 459
461 459
467 459
99 460
101 460
161 460
164 460
166 460
226 460
393 460
394 460
413 460
414 460
433 460
434 460
467 460
473 460
164 461
166 461
226 461
229 461
231 461
291 461
413 461
414 461
433 461
434 461
473 461
479 461
229 462
231 462
291 462
294 462
296 462
356 462
433 462
434 462
479 462
485 462
4 463
5 463
32 463
37 463
38 463
96 463
361 463
362 463
375 463
376 463
395 463
396 463
415 463
416 463
435 463
436 463
455 463
461 463
37 464
38 464
96 464
102 464
103 464
161 464
375 464
376 464
395 464
396 464
415 464
416 464
435 464
436 464
461 464
467 464
102 465
103 465
161 465
167 465
168 465
226 465
395 465
396 465
415 465
416 465
435 465
436 465
467 465
473 465
167 466
168 466
226 466
232 466
233 466
291 466
415 466
416 466
435 466
436 466
473 466
479 466
232 467
233 467
291 467
297 467
298 467
356 467
435 467
436 467
479 467
485 467
16 468
17 468
32 468
49 468
50 468
96 468
361 468
362 468
375 468
376 468
395 468
396 468
415 468
416 468
435 468
436 468
455 468
461 468
49 469
50 469
96 469
114 469
115 469
161 469
375 469
376 469
395 469
396 469
415 469
416 469
435 469
436 469
461 469
467 469
114 470
115 470
161 470
179 470
180 470
226 470
395 470
396 470
415 470
416 470
435 470
436 470
467 470
473 470
179 471
180 471
226 471
244 471
245 471
291 471
415 471
416 471
435 471
436 471
473 471
479 471
244 472
245 472
291 472
309 472
310 472
356 472
435 472
436 472
479 472
485 472
4 473
5 473
37 473
38 473
93 473
158 473
377 473
378 473
397 473
398 473
417 473
418 473
437 473
438 473
455 473
461 473
37 474
102 474
103 474
158 474
223 474
397 474
398 474
417 474
418 474
437 474
438 474
461 474
467 474
102 475
167 475
168 475
223 475
233 475
288 475
417 475
418 475
437 475
438 475
467 475
473 475
232 476
288 476
297 476
298 476
353 476
437 476
438 476
473 476
479 476
485 476
16 477
17 477
49 477
50 477
93 477
114 477
115 477
158 477
377 477
378 477
397 477
398 477
417 477
418 477
437 477
438 477
455 477
461 477
467 477
114 478
115 478
158 478
179 478
180 478
223 478
397 478
398 478
417 478
418 478
437 478
438 478
467 478
473 478
179 479
180 479
244 479
245 479
288 479
417 479
418 479
437 479
438 479
473 479
479 479
244 480
245 480
288 480
309 480
310 480
353 480
437 480
438 480
1 481
2 481
34 481
35 481
97 481
162 481
379 481
380 481
399 481
400 481
419 481
420 481
439 481
440 481
458 481
464 481
34 482
35 482
99 482
100 482
162 482
227 482
399 482
400 482
419 482
420 482
439 482
440 482
464 482
470 482
99 483
100 483
164 483
165 483
227 483
292 483
419 483
420 483
439 483
440 483
470 483
476 483
164 484
165 484
229 484
230 484
292 484
294 484
295 484
357 484
439 484
440 484
476 484
482 484
488 484
2 485
6 485
33 485
35 485
39 485
98 485
363 485
364 485
381 485
382 485
401 485
402 485
421 485
422 485
441 485
442 485
453 485
459 485
35 486
39 486
98 486
100 486
104 486
163 486
381 486
382 486
401 486
402 486
421 486
422 486
441 486
442 486
459 486
465 486
100 487
104 487
163 487
165 487
169 487
228 487
401 487
402 487
421 487
422 487
441 487
442 487
465 487
471 487
165 488
169 488
228 488
230 488
234 488
293 488
421 488
422 488
441 488
442 488
471 488
477 488
230 489
234 489
293 489
295 489
299 489
358 489
441 489
442 489
477 489
483 489
10 490
11 490
33 490
43 490
44 490
98 490
363 490
364 490
381 490
382 490
401 490
402 490
421 490
422 490
441 490
442 490
453 490
459 490
43 491
44 491
98 491
108 491
109 491
163 491
381 491
382 491
401 491
402 491
421 491
422 491
441 491
442 491
459 491
465 491
108 492
109 492
163 492
173 492
174 492
228 492
401 492
402 492
421 492
422 492
441 492
442 492
465 492
471 492
173 493
174 493
228 493
238 493
239 493
293 493
421 493
422 493
441 493
442 493
471 493
477 493
238 494
239 494
293 494
303 494
304 494
358 494
441 494
442 494
477 494
483 494
10 495
12 495
43 495
45 495
93 495
158 495
383 495
384 495
403 495
404 495
423 495
424 495
443 495
444 495
454 495
460 495
45 496
108 496
110 496
158 496
223 496
403 496
404 496
423 496
424 496
443 496
444 496
460 496
466 496
110 497
173 497
175 497
223 497
238 497
288 497
423 497
424 497
443 497
444 497
466 497
472 497
238 498
240 498
288 498
303 498
305 498
353 498
443 498
444 498
472 498
478 498
484 498
5 499
7 499
38 499
40 499
93 499
158 499
383 499
384 499
403 499
404 499
423 499
424 499
443 499
444 499
454 499
460 499
40 500
103 500
105 500
158 500
223 500
403 500
404 500
423 500
424 500
443 500
444 500
460 500
466 500
105 501
168 501
170 501
223 501
233 501
288 501
423 501
424 501
443 501
444 501
466 501
472 501
233 502
235 502
288 502
298 502
300 502
353 502
443 502
444 502
472 502
478 502
484 502
10 503
12 503
32 503
43 503
45 503
96 503
365 503
366 503
385 503
386 503
405 503
406 503
425 503
426 503
445 503
446 503
456 503
462 503
43 504
45 504
96 504
108 504
110 504
161 504
385 504
386 504
405 504
406 504
425 504
426 504
445 504
446 504
462 504
468 504
108 505
110 505
161 505
173 505
175 505
226 505
405 505
406 505
425 505
426 505
445 505
446 505
468 505
474 505
173 506
175 506
226 506
238 506
240 506
291 506
425 506
426 506
445 506
446 506
474 506
480 506
238 507
240 507
291 507
303 507
305 507
356 507
445 507
446 507
480 507
486 507
5 508
7 508
32 508
38 508
40 508
96 508
365 508
366 508
385 508
386 508
405 508
406 508
425 508
426 508
445 508
446 508
456 508
462 508
38 509
40 509
96 509
103 509
105 509
161 509
385 509
386 509
405 509
406 509
425 509
426 509
445 509
446 509
462 509
468 509
103 510
105 510
161 510
168 510
170 510
226 510
405 510
406 510
425 510
426 510
445 510
446 510
468 510
474 510
168 511
170 511
226 511
233 511
235 511
291 511
425 511
426 511
445 511
446 511
474 511
480 511
233 512
235 512
291 512
298 512
300 512
356 512
445 512
446 512
480 512
486 512
10 513
12 513
30 513
31 513
43 513
45 513
94 513
95 513
367 513
368 513
387 513
388 513
407 513
408 513
427 513
428 513
447 513
448 513
457 513
463 513
43 514
45 514
94 514
95 514
108 514
110 514
159 514
160 514
387 514
388 514
407 514
408 514
427 514
428 514
447 514
448 514
463 514
469 514
108 515
110 515
159 515
160 515
173 515
175 515
224 515
225 515
407 515
408 515
427 515
428 515
447 515
448 515
469 515
475 515
173 516
175 516
224 516
225 516
238 516
240 516
289 516
290 516
427 516
428 516
447 516
448 516
475 516
481 516
238 517
240 517
289 517
290 517
303 517
305 517
354 517
355 517
447 517
448 517
481 517
487 517
5 518
7 518
30 518
31 518
38 518
40 518
94 518
95 518
367 518
368 518
387 518
388 518
407 518
408 518
427 518
428 518
447 518
448 518
457 518
463 518
38 519
40 519
95 519
103 519
105 519
159 519
160 519
387 519
388 519
407 519
408 519
427 519
428 519
447 519
448 519
463 519
469 519
103 520
105 520
159 520
160 520
168 520
170 520
224 520
225 520
407 520
408 520
427 520
428 520
447 520
448 520
469 520
475 520
168 521
170 521
224 521
225 521
233 521
235 521
289 521
290 521
427 521
428 521
447 521
448 521
475 521
481 521
233 522
235 522
289 522
290 522
298 522
300 522
354 522
355 522
447 522
448 522
481 522
487 522
1 523
8 523
32 523
34 523
41 523
96 523
369 523
370 523
389 523
390 523
409 523
410 523
429 523
430 523
449 523
450 523
456 523
462 523
34 524
41 524
96 524
99 524
106 524
161 524
389 524
390 524
409 524
410 524
429 524
430 524
449 524
450 524
462 524
468 524
99 525
106 525
161 525
164 525
171 525
226 525
409 525
410 525
429 525
430 525
449 525
450 525
468 525
474 525
164 526
171 526
226 526
229 526
236 526
291 526
429 526
430 526
449 526
450 526
474 526
480 526
229 527
236 527
291 527
294 527
301 527
356 527
449 527
450 527
480 527
486 527
9 528
13 528
32 528
42 528
46 528
96 528
369 528
370 528
389 528
390 528
409 528
410 528
429 528
430 528
449 528
450 528
456 528
462 528
42 529
46 529
96 529
107 529
111 529
161 529
389 529
390 529
409 529
410 529
429 529
430 529
449 529
450 529
462 529
468 529
107 530
111 530
161 530
172 530
176 530
226 530
409 530
410 530
429 530
430 530
449 530
450 530
468 530
474 530
172 531
176 531
226 531
237 531
241 531
291 531
429 531
430 531
449 531
450 531
474 531
480 531
237 532
241 532
291 532
302 532
306 532
356 532
449 532
450 532
480 532
486 532
14 533
18 533
32 533
47 533
51 533
96 533
369 533
370 533
389 533
390 533
409 533
410 533
429 533
430 533
449 533
450 533
456 533
462 533
47 534
51 534
96 534
112 534
116 534
161 534
389 534
390 534
409 534
410 534
429 534
430 534
449 534
450 534
462 534
468 534
112 535
161 535
177 535
181 535
226 535
409 535
410 535
429 535
430 535
449 535
450 535
468 535
474 535
177 536
181 536
226 536
242 536
246 536
291 536
429 536
430 536
449 536
450 536
474 536
480 536
242 537
246 537
291 537
307 537
311 537
356 537
449 537
450 537
480 537
486 537
9 538
13 538
30 538
31 538
42 538
46 538
94 538
95 538
371 538
372 538
391 538
392 538
411 538
412 538
431 538
432 538
451 538
452 538
457 538
463 538
42 539
46 539
94 539
95 539
107 539
111 539
159 539
160 539
391 539
392 539
411 539
412 539
431 539
432 539
451 539
452 539
463 539
469 539
107 540
111 540
159 540
160 540
172 540
176 540
224 540
225 540
411 540
412 540
431 540
432 540
451 540
452 540
469 540
475 540
172 541
176 541
224 541
225 541
237 541
241 541
289 541
290 541
431 541
432 541
451 541
452 541
475 541
481 541
237 542
241 542
289 542
290 542
302 542
306 542
354 542
451 542
452 542
481 542
487 542
14 543
18 543
30 543
31 543
47 543
51 543
94 543
95 543
371 543
372 543
391 543
392 543
411 543
412 543
431 543
432 543
451 543
452 543
457 543
463 543
47 544
51 544
94 544
95 544
112 544
116 544
159 544
160 544
391 544
392 544
411 544
412 544
431 544
432 544
451 544
452 544
463 544
469 544
112 545
116 545
159 545
160 545
177 545
181 545
224 545
225 545
411 545
412 545
431 545
432 545
451 545
452 545
469 545
475 545
177 546
181 546
224 546
225 546
242 546
246 546
289 546
290 546
431 546
432 546
451 546
452 546
475 546
481 546
242 547
246 547
289 547
290 547
307 547
311 547
354 547
355 547
451 547
452 547
481 547
487 547
19 548
21 548
22 548
23 548
52 548
53 548
54 548
58 548
60 548
61 548
64 548
117 548
118 548
119 548
125 548
126 548
129 548
465 548
53 549
58 549
60 549
64 549
117 549
118 549
119 549
123 549
125 549
126 549
129 549
182 549
183 549
184 549
190 549
191 549
194 549
471 549
118 550
123 550
125 550
129 550
182 550
183 550
184 550
188 550
190 550
191 550
194 550
247 550
248 550
249 550
255 550
256 550
259 550
477 550
183 551
188 551
190 551
194 551
247 551
248 551
249 551
253 551
255 551
256 551
259 551
312 551
313 551
314 551
318 551
320 551
321 551
324 551
483 551
19 552
21 552
22 552
23 552
52 552
53 552
54 552
56 552
58 552
59 552
60 552
61 552
64 552
65 552
117 552
118 552
119 552
121 552
124 552
125 552
126 552
129 552
130 552
466 552
53 553
58 553
60 553
117 553
118 553
119 553
121 553
123 553
124 553
125 553
126 553
129 553
130 553
182 553
183 553
184 553
186 553
189 553
190 553
191 553
194 553
195 553
472 553
118 554
123 554
125 554
182 554
183 554
184 554
186 554
188 554
189 554
190 554
191 554
194 554
195 554
247 554
248 554
249 554
251 554
254 554
255 554
256 554
259 554
260 554
478 554
183 555
188 555
190 555
247 555
248 555
249 555
251 555
253 555
254 555
255 555
256 555
259 555
260 555
312 555
313 555
314 555
316 555
318 555
319 555
320 555
321 555
324 555
325 555
484 555
19 556
20 556
21 556
22 556
52 556
53 556
54 556
55 556
57 556
58 556
59 556
60 556
61 556
62 556
63 556
64 556
65 556
117 556
118 556
119 556
120 556
122 556
124 556
125 556
126 556
127 556
128 556
129 556
130 556
467 556
53 557
58 557
60 557
117 557
118 557
119 557
120 557
122 557
123 557
124 557
125 557
126 557
127 557
128 557
129 557
130 557
182 557
183 557
184 557
185 557
187 557
189 557
190 557
191 557
192 557
193 557
194 557
195 557
473 557
118 558
123 558
125 558
182 558
183 558
184 558
185 558
187 558
188 558
189 558
190 558
191 558
192 558
193 558
194 558
195 558
247 558
248 558
249 558
250 558
252 558
254 558
255 558
256 558
257 558
258 558
259 558
260 558
479 558
183 559
188 559
190 559
247 559
248 559
249 559
250 559
252 559
253 559
254 559
255 559
256 559
257 559
258 559
259 559
260 559
312 559
313 559
314 559
315 559
317 559
318 559
319 559
320 559
321 559
322 559
323 559
324 559
325 559
485 559
24 560
26 560
28 560
66 560
67 560
70 560
71 560
73 560
74 560
75 560
76 560
77 560
78 560
79 560
80 560
82 560
83 560
84 560
86 560
87 560
131 560
132 560
135 560
136 560
138 560
139 560
140 560
141 560
142 560
143 560
144 560
145 560
147 560
148 560
149 560
151 560
152 560
467 560
131 561
132 561
135 561
136 561
138 561
139 561
140 561
141 561
142 561
143 561
144 561
145 561
147 561
148 561
149 561
151 561
152 561
196 561
197 561
200 561
201 561
203 561
204 561
205 561
206 561
207 561
208 561
209 561
210 561
212 561
213 561
214 561
216 561
217 561
473 561
196 562
197 562
200 562
201 562
203 562
204 562
205 562
206 562
207 562
208 562
209 562
210 562
212 562
213 562
214 562
216 562
217 562
261 562
262 562
265 562
266 562
268 562
269 562
270 562
271 562
272 562
273 562
274 562
275 562
277 562
278 562
279 562
281 562
282 562
479 562
261 563
262 563
265 563
266 563
268 563
269 563
270 563
271 563
272 563
273 563
274 563
275 563
277 563
278 563
279 563
281 563
282 563
326 563
327 563
330 563
331 563
333 563
334 563
335 563
336 563
337 563
338 563
339 563
340 563
342 563
343 563
344 563
346 563
347 563
19 564
20 564
21 564
22 564
52 564
53 564
54 564
55 564
57 564
58 564
59 564
60 564
61 564
62 564
63 564
64 564
65 564
117 564
118 564
119 564
120 564
122 564
124 564
125 564
126 564
127 564
128 564
129 564
130 564
468 564
53 565
58 565
60 565
117 565
118 565
119 565
120 565
122 565
123 565
124 565
125 565
126 565
127 565
128 565
129 565
130 565
182 565
183 565
184 565
185 565
187 565
189 565
190 565
191 565
192 565
193 565
194 565
195 565
474 565
118 566
123 566
125 566
182 566
183 566
184 566
185 566
187 566
188 566
189 566
190 566
191 566
192 566
193 566
194 566
195 566
247 566
248 566
249 566
250 566
252 566
254 566
255 566
256 566
257 566
258 566
259 566
260 566
480 566
183 567
188 567
190 567
247 567
248 567
249 567
250 567
252 567
253 567
254 567
255 567
256 567
257 567
258 567
259 567
260 567
312 567
313 567
314 567
315 567
317 567
318 567
319 567
320 567
321 567
322 567
323 567
324 567
325 567
486 567
24 568
26 568
28 568
66 568
67 568
70 568
71 568
73 568
74 568
75 568
76 568
77 568
78 568
79 568
80 568
82 568
83 568
84 568
86 568
87 568
131 568
132 568
135 568
136 568
138 568
139 568
140 568
141 568
142 568
143 568
144 568
145 568
147 568
148 568
149 568
151 568
152 568
468 568
131 569
132 569
135 569
136 569
138 569
139 569
140 569
141 569
142 569
143 569
144 569
145 569
147 569
148 569
149 569
151 569
152 569
196 569
197 569
200 569
201 569
203 569
204 569
205 569
206 569
207 569
208 569
209 569
210 569
212 569
213 569
214 569
216 569
217 569
474 569
196 570
197 570
200 570
201 570
203 570
204 570
205 570
206 570
207 570
208 570
209 570
210 570
212 570
213 570
214 570
216 570
217 570
261 570
262 570
265 570
266 570
268 570
269 570
270 570
271 570
272 570
273 570
274 570
275 570
277 570
278 570
279 570
281 570
282 570
480 570
261 571
262 571
265 571
266 571
268 571
269 571
270 571
271 571
272 571
273 571
274 571
275 571
277 571
278 571
279 571
281 571
282 571
326 571
327 571
330 571
331 571
333 571
334 571
335 571
336 571
337 571
338 571
339 571
340 571
342 571
343 571
344 571
346 571
347 571
24 572
25 572
26 572
27 572
28 572
29 572
66 572
67 572
68 572
70 572
71 572
72 572
74 572
75 572
76 572
77 572
79 572
84 572
86 572
87 572
88 572
89 572
90 572
91 572
92 572
131 572
132 572
133 572
136 572
137 572
140 572
141 572
142 572
149 572
151 572
152 572
154 572
155 572
156 572
157 572
469 572
66 573
70 573
74 573
79 573
88 573
131 573
132 573
133 573
135 573
136 573
137 573
139 573
140 573
141 573
142 573
144 573
149 573
151 573
152 573
153 573
154 573
155 573
156 573
157 573
196 573
197 573
198 573
201 573
202 573
205 573
206 573
207 573
214 573
216 573
217 573
219 573
220 573
221 573
222 573
475 573
131 574
135 574
139 574
144 574
153 574
196 574
197 574
198 574
200 574
201 574
202 574
204 574
205 574
206 574
207 574
209 574
214 574
216 574
217 574
218 574
219 574
220 574
221 574
222 574
261 574
262 574
263 574
265 574
266 574
267 574
270 574
271 574
272 574
279 574
281 574
282 574
284 574
285 574
286 574
287 574
481 574
196 575
204 575
209 575
218 575
261 575
262 575
263 575
265 575
266 575
267 575
269 575
270 575
271 575
272 575
274 575
279 575
281 575
282 575
283 575
284 575
285 575
286 575
287 575
326 575
327 575
328 575
330 575
331 575
332 575
334 575
335 575
336 575
337 575
339 575
344 575
346 575
347 575
348 575
349 575
350 575
351 575
352 575
487 575
24 576
25 576
26 576
28 576
66 576
69 576
70 576
74 576
76 576
77 576
79 576
81 576
82 576
83 576
84 576
85 576
87 576
89 576
90 576
91 576
92 576
131 576
134 576
135 576
139 576
141 576
142 576
144 576
146 576
147 576
148 576
149 576
150 576
152 576
154 576
155 576
156 576
157 576
470 576
131 577
134 577
135 577
139 577
141 577
142 577
144 577
146 577
147 577
148 577
149 577
150 577
152 577
154 577
155 577
156 577
157 577
196 577
199 577
200 577
204 577
206 577
207 577
209 577
211 577
212 577
213 577
214 577
215 577
217 577
219 577
220 577
221 577
222 577
476 577
196 578
199 578
200 578
204 578
206 578
207 578
209 578
211 578
212 578
213 578
214 578
215 578
217 578
219 578
220 578
221 578
222 578
261 578
264 578
265 578
269 578
271 578
272 578
274 578
276 578
277 578
278 578
279 578
280 578
282 578
284 578
285 578
286 578
287 578
482 578
261 579
264 579
265 579
269 579
271 579
272 579
274 579
276 579
277 579
278 579
279 579
280 579
282 579
284 579
285 579
286 579
287 579
326 579
329 579
330 579
334 579
336 579
337 579
339 579
341 579
342 579
343 579
344 579
345 579
347 579
349 579
350 579
351 579
352 579
453 580
459 580
459 581
465 581
465 582
471 582
471 583
477 583
477 584
483 584
483 585
454 586
460 586
460 587
466 587
466 588
472 588
472 589
478 589
478 590
484 590
484 591
455 592
461 592
461 593
467 593
467 594
473 594
473 595
479 595
479 596
485 596
485 597
456 598
462 598
462 599
468 599
468 600
474 600
474 601
480 601
480 602
486 602
486 603
457 604
463 604
463 605
469 605
469 606
475 606
475 607
481 607
481 608
487 608
487 609
458 610
464 610
464 611
470 611
470 612
476 612
476 613
482 613
482 614
488 614
488 615