0
1 1
2 1
3 1
24 1
25 1
26 1
99 1
150 1
151 1
165 1
166 1
167 1
182 1
183 1
184 1
2 2
3 2
26 2
99 2
3 3
4 3
26 3
27 3
99 3
150 3
151 3
152 3
167 3
168 3
184 3
185 3
186 3
4 4
5 4
6 4
27 4
28 4
99 4
151 4
152 4
153 4
168 4
169 4
186 4
187 4
188 4
5 5
6 5
28 5
99 5
6 6
7 6
28 6
29 6
99 6
152 6
153 6
154 6
169 6
170 6
188 6
189 6
190 6
7 7
8 7
9 7
29 7
30 7
99 7
153 7
154 7
155 7
170 7
171 7
190 7
191 7
192 7
8 8
9 8
30 8
99 8
9 9
10 9
30 9
31 9
99 9
154 9
155 9
156 9
171 9
172 9
192 9
193 9
194 9
10 10
11 10
12 10
31 10
32 10
99 10
155 10
156 10
157 10
172 10
173 10
194 10
195 10
196 10
11 11
12 11
32 11
99 11
12 12
13 12
32 12
33 12
99 12
156 12
157 12
158 12
173 12
174 12
196 12
197 12
198 12
13 13
14 13
15 13
33 13
34 13
99 13
157 13
158 13
159 13
174 13
175 13
198 13
199 13
200 13
14 14
15 14
34 14
99 14
15 15
16 15
34 15
35 15
99 15
158 15
159 15
160 15
175 15
176 15
200 15
201 15
202 15
16 16
17 16
18 16
35 16
36 16
99 16
159 16
160 16
161 16
176 16
177 16
202 16
203 16
204 16
17 17
18 17
36 17
99 17
18 18
19 18
36 18
37 18
99 18
160 18
161 18
162 18
177 18
178 18
204 18
205 18
206 18
19 19
20 19
21 19
37 19
38 19
99 19
161 19
162 19
163 19
178 19
179 19
206 19
207 19
208 19
20 20
21 20
38 20
99 20
21 21
22 21
38 21
39 21
99 21
162 21
163 21
164 21
179 21
180 21
208 21
209 21
210 21
22 22
23 22
24 22
39 22
40 22
99 22
163 22
164 22
165 22
180 22
181 22
210 22
211 22
212 22
23 23
24 23
40 23
99 23
24 24
25 24
40 24
99 24
150 24
164 24
165 24
166 24
181 24
182 24
212 24
213 24
25 25
26 25
40 25
41 25
42 25
56 25
99 25
26 26
27 26
41 26
42 26
43 26
99 26
27 27
28 27
42 27
43 27
44 27
99 27
28 28
29 28
43 28
44 28
45 28
99 28
29 29
30 29
44 29
45 29
46 29
99 29
30 30
31 30
45 30
46 30
47 30
99 30
31 31
32 31
46 31
47 31
48 31
99 31
32 32
33 32
47 32
48 32
49 32
99 32
33 33
34 33
48 33
49 33
50 33
99 33
34 34
35 34
49 34
50 34
51 34
99 34
35 35
36 35
50 35
51 35
52 35
99 35
36 36
37 36
51 36
52 36
53 36
99 36
37 37
38 37
52 37
53 37
54 37
99 37
38 38
39 38
53 38
54 38
55 38
99 38
39 39
40 39
54 39
55 39
56 39
99 39
40 40
41 40
55 40
56 40
99 40
41 41
42 41
56 41
57 41
58 41
72 41
42 42
43 42
57 42
58 42
59 42
43 43
44 43
58 43
59 43
60 43
44 44
45 44
59 44
60 44
61 44
45 45
46 45
60 45
61 45
62 45
46 46
47 46
61 46
62 46
63 46
47 47
48 47
62 47
63 47
64 47
48 48
49 48
63 48
64 48
65 48
49 49
50 49
64 49
65 49
66 49
50 50
51 50
65 50
66 50
67 50
51 51
52 51
66 51
67 51
68 51
52 52
53 52
67 52
68 52
69 52
53 53
54 53
68 53
69 53
70 53
54 54
55 54
69 54
70 54
71 54
55 55
56 55
70 55
71 55
72 55
56 56
57 56
71 56
72 56
57 57
58 57
72 57
73 57
96 57
98 57
58 58
59 58
73 58
74 58
75 58
98 58
59 59
60 59
75 59
76 59
98 59
60 60
61 60
76 60
77 60
78 60
98 60
61 61
62 61
78 61
79 61
98 61
62 62
63 62
79 62
80 62
81 62
98 62
63 63
64 63
81 63
82 63
98 63
64 64
65 64
82 64
83 64
84 64
98 64
65 65
66 65
84 65
85 65
98 65
66 66
67 66
85 66
86 66
87 66
98 66
67 67
68 67
87 67
88 67
98 67
68 68
69 68
88 68
89 68
90 68
98 68
69 69
70 69
90 69
91 69
98 69
70 70
71 70
91 70
92 70
93 70
98 70
71 71
72 71
93 71
94 71
98 71
72 72
94 72
95 72
96 72
98 72
73 73
74 73
75 73
96 73
97 73
98 73
367 73
368 73
383 73
384 73
385 73
74 74
75 74
98 74
75 75
76 75
97 75
98 75
368 75
369 75
385 75
386 75
387 75
76 76
77 76
78 76
97 76
98 76
369 76
370 76
387 76
388 76
389 76
77 77
78 77
98 77
78 78
79 78
98 78
370 78
371 78
389 78
390 78
391 78
79 79
80 79
81 79
98 79
371 79
372 79
391 79
392 79
393 79
80 80
81 80
98 80
81 81
82 81
98 81
372 81
373 81
393 81
394 81
395 81
82 82
83 82
84 82
98 82
373 82
374 82
395 82
396 82
397 82
83 83
84 83
98 83
84 84
85 84
98 84
374 84
375 84
397 84
398 84
399 84
85 85
86 85
87 85
98 85
375 85
376 85
399 85
400 85
401 85
86 86
87 86
98 86
87 87
88 87
98 87
376 87
377 87
401 87
402 87
403 87
88 88
89 88
90 88
98 88
377 88
378 88
403 88
404 88
405 88
89 89
90 89
98 89
90 90
91 90
98 90
378 90
379 90
405 90
406 90
407 90
91 91
92 91
93 91
98 91
379 91
380 91
407 91
408 91
409 91
92 92
93 92
98 92
93 93
94 93
98 93
380 93
381 93
409 93
410 93
411 93
94 94
95 94
96 94
98 94
381 94
382 94
411 94
412 94
413 94
95 95
96 95
98 95
96 96
98 96
367 96
382 96
383 96
413 96
414 96
97 97
98 97
98 98
367 98
368 98
369 98
370 98
371 98
372 98
373 98
374 98
375 98
376 98
377 98
378 98
379 98
380 98
381 98
382 98
383 98
384 98
385 98
386 98
387 98
388 98
389 98
390 98
391 98
392 98
393 98
394 98
395 98
396 98
397 98
398 98
399 98
400 98
401 98
402 98
403 98
404 98
405 98
406 98
407 98
408 98
409 98
410 98
411 98
412 98
413 98
414 98
99 99
150 99
151 99
152 99
153 99
154 99
155 99
156 99
157 99
158 99
159 99
160 99
161 99
162 99
163 99
164 99
165 99
166 99
167 99
168 99
169 99
170 99
171 99
172 99
173 99
174 99
175 99
176 99
177 99
178 99
179 99
180 99
181 99
182 99
183 99
184 99
185 99
186 99
187 99
188 99
189 99
190 99
191 99
192 99
193 99
194 99
195 99
196 99
197 99
198 99
199 99
200 99
201 99
202 99
203 99
204 99
205 99
206 99
207 99
208 99
209 99
210 99
211 99
212 99
213 99
100 100
101 100
102 100
103 100
104 100
105 100
106 100
107 100
108 100
109 100
110 100
111 100
112 100
113 100
114 100
115 100
116 100
117 100
118 100
119 100
120 100
121 100
122 100
123 100
124 100
125 100
126 100
127 100
128 100
129 100
130 100
131 100
132 100
133 100
547 100
548 100
549 100
550 100
551 100
552 100
553 100
554 100
555 100
556 100
557 100
558 100
559 100
560 100
561 100
562 100
563 100
564 100
565 100
566 100
567 100
568 100
569 100
570 100
571 100
572 100
573 100
574 100
575 100
576 100
577 100
578 100
579 100
580 100
581 100
582 100
583 100
584 100
585 100
586 100
587 100
588 100
589 100
590 100
591 100
592 100
593 100
594 100
706 100
711 100
101 101
102 102
103 102
117 102
118 102
119 102
133 102
547 102
548 102
563 102
564 102
565 102
103 103
104 103
118 103
119 103
120 103
548 103
549 103
565 103
566 103
567 103
104 104
105 104
119 104
120 104
121 104
549 104
550 104
567 104
568 104
569 104
105 105
106 105
120 105
121 105
122 105
550 105
551 105
569 105
570 105
711 105
106 106
107 106
121 106
122 106
123 106
551 106
552 106
571 106
572 106
573 106
711 106
107 107
108 107
122 107
123 107
124 107
552 107
553 107
573 107
574 107
575 107
108 108
109 108
123 108
124 108
125 108
553 108
554 108
575 108
576 108
577 108
109 109
110 109
124 109
125 109
126 109
554 109
555 109
577 109
578 109
579 109
110 110
111 110
125 110
126 110
127 110
555 110
556 110
579 110
580 110
581 110
111 111
112 111
126 111
127 111
128 111
556 111
557 111
581 111
582 111
583 111
112 112
113 112
127 112
128 112
129 112
557 112
558 112
583 112
584 112
585 112
113 113
114 113
128 113
129 113
130 113
558 113
559 113
585 113
586 113
587 113
706 113
114 114
115 114
129 114
130 114
131 114
559 114
560 114
588 114
589 114
706 114
115 115
116 115
130 115
131 115
132 115
560 115
561 115
589 115
590 115
591 115
116 116
117 116
131 116
132 116
133 116
561 116
562 116
591 116
592 116
593 116
117 117
118 117
132 117
133 117
547 117
562 117
563 117
593 117
594 117
118 118
119 118
133 118
134 118
135 118
149 118
119 119
120 119
134 119
135 119
136 119
120 120
121 120
135 120
136 120
137 120
121 121
122 121
136 121
137 121
138 121
122 122
123 122
137 122
138 122
139 122
123 123
124 123
138 123
139 123
140 123
124 124
125 124
139 124
140 124
141 124
125 125
126 125
140 125
141 125
142 125
126 126
127 126
141 126
142 126
143 126
127 127
128 127
142 127
143 127
144 127
128 128
129 128
143 128
144 128
145 128
129 129
130 129
144 129
145 129
146 129
130 130
131 130
145 130
146 130
147 130
131 131
132 131
145 131
147 131
148 131
132 132
133 132
147 132
148 132
149 132
133 133
134 133
148 133
149 133
134 134
135 134
149 134
150 134
151 134
165 134
135 135
136 135
150 135
151 135
152 135
136 136
137 136
151 136
152 136
153 136
137 137
138 137
152 137
153 137
154 137
138 138
139 138
153 138
154 138
155 138
139 139
140 139
154 139
155 139
156 139
140 140
141 140
155 140
156 140
157 140
141 141
142 141
156 141
157 141
158 141
142 142
143 142
157 142
158 142
159 142
143 143
144 143
158 143
159 143
160 143
144 144
145 144
159 144
160 144
161 144
145 145
146 145
147 145
160 145
161 145
162 145
146 146
147 146
161 146
162 146
163 146
147 147
148 147
162 147
163 147
164 147
148 148
149 148
163 148
164 148
165 148
149 149
150 149
164 149
165 149
150 150
151 150
165 150
151 151
152 151
152 152
153 152
153 153
154 153
154 154
155 154
155 155
156 155
156 156
157 156
157 157
158 157
158 158
159 158
159 159
160 159
160 160
161 160
161 161
162 161
162 162
163 162
163 163
164 163
164 164
165 164
165 165
166 166
182 166
183 166
213 166
167 167
183 167
184 167
185 167
168 168
185 168
186 168
187 168
169 169
187 169
188 169
189 169
170 170
189 170
190 170
191 170
171 171
191 171
192 171
193 171
172 172
193 172
194 172
195 172
173 173
195 173
196 173
197 173
174 174
197 174
198 174
199 174
175 175
199 175
200 175
201 175
176 176
201 176
202 176
203 176
177 177
203 177
204 177
205 177
178 178
205 178
206 178
207 178
179 179
207 179
208 179
209 179
180 180
209 180
210 180
211 180
181 181
211 181
212 181
213 181
182 182
183 182
213 182
214 182
337 182
338 182
183 183
184 183
214 183
216 183
337 183
184 184
185 184
216 184
217 184
337 184
185 185
186 185
216 185
217 185
218 185
186 186
187 186
217 186
218 186
219 186
187 187
188 187
218 187
219 187
220 187
188 188
189 188
219 188
220 188
221 188
189 189
190 189
220 189
221 189
222 189
190 190
191 190
221 190
222 190
223 190
191 191
192 191
222 191
223 191
224 191
192 192
193 192
223 192
224 192
225 192
193 193
194 193
224 193
225 193
226 193
194 194
195 194
225 194
226 194
227 194
195 195
196 195
226 195
227 195
228 195
196 196
197 196
227 196
228 196
229 196
197 197
198 197
228 197
229 197
230 197
198 198
199 198
229 198
230 198
231 198
199 199
200 199
230 199
231 199
232 199
200 200
201 200
231 200
232 200
233 200
201 201
202 201
232 201
233 201
234 201
202 202
203 202
233 202
234 202
235 202
203 203
204 203
234 203
235 203
236 203
204 204
205 204
235 204
236 204
237 204
205 205
206 205
236 205
237 205
238 205
206 206
207 206
237 206
238 206
239 206
207 207
208 207
238 207
239 207
240 207
208 208
209 208
239 208
240 208
241 208
209 209
210 209
240 209
241 209
242 209
210 210
211 210
241 210
242 210
243 210
211 211
212 211
242 211
243 211
244 211
212 212
213 212
243 212
244 212
338 212
213 213
214 213
244 213
338 213
214 214
215 214
245 214
246 214
247 214
277 214
337 214
338 214
215 215
216 215
246 215
247 215
248 215
337 215
216 216
217 216
247 216
248 216
249 216
337 216
217 217
218 217
248 217
249 217
250 217
337 217
346 217
347 217
348 217
358 217
359 217
360 217
218 218
219 218
249 218
250 218
251 218
219 219
220 219
250 219
251 219
252 219
220 220
221 220
251 220
252 220
253 220
221 221
222 221
252 221
253 221
254 221
222 222
223 222
253 222
254 222
255 222
223 223
224 223
254 223
255 223
256 223
224 224
225 224
255 224
256 224
257 224
225 225
226 225
256 225
257 225
258 225
226 226
227 226
257 226
258 226
259 226
227 227
228 227
258 227
259 227
260 227
228 228
229 228
259 228
260 228
261 228
229 229
230 229
260 229
261 229
262 229
230 230
231 230
261 230
262 230
263 230
231 231
232 231
262 231
263 231
264 231
232 232
233 232
263 232
264 232
265 232
233 233
234 233
264 233
265 233
266 233
234 234
235 234
265 234
266 234
267 234
235 235
236 235
266 235
267 235
268 235
236 236
237 236
267 236
268 236
269 236
237 237
238 237
268 237
269 237
270 237
238 238
239 238
269 238
270 238
271 238
239 239
240 239
270 239
271 239
272 239
240 240
241 240
271 240
272 240
273 240
241 241
242 241
272 241
273 241
274 241
242 242
243 242
273 242
274 242
275 242
340 242
243 243
244 243
274 243
275 243
276 243
308 243
338 243
340 243
343 243
344 243
345 243
353 243
355 243
356 243
357 243
365 243
244 244
245 244
275 244
276 244
277 244
338 244
340 244
245 245
246 245
276 245
277 245
338 245
246 246
247 246
277 246
278 246
279 246
309 246
247 247
248 247
278 247
279 247
280 247
248 248
249 248
279 248
280 248
281 248
249 249
250 249
280 249
281 249
282 249
250 250
251 250
281 250
282 250
283 250
347 250
348 250
352 250
354 250
359 250
360 250
364 250
366 250
251 251
252 251
282 251
283 251
284 251
252 252
253 252
283 252
284 252
285 252
253 253
254 253
284 253
285 253
286 253
254 254
255 254
285 254
286 254
287 254
255 255
256 255
286 255
287 255
288 255
256 256
257 256
287 256
288 256
289 256
257 257
258 257
288 257
289 257
290 257
258 258
259 258
289 258
290 258
291 258
259 259
260 259
290 259
291 259
292 259
260 260
261 260
291 260
292 260
293 260
261 261
262 261
292 261
293 261
294 261
262 262
263 262
293 262
294 262
295 262
263 263
264 263
294 263
295 263
296 263
264 264
265 264
295 264
296 264
297 264
265 265
266 265
296 265
297 265
298 265
266 266
267 266
297 266
298 266
299 266
267 267
268 267
298 267
299 267
300 267
268 268
269 268
299 268
300 268
301 268
269 269
270 269
300 269
301 269
302 269
270 270
271 270
301 270
302 270
303 270
271 271
272 271
302 271
303 271
304 271
272 272
273 272
303 272
304 272
305 272
340 272
273 273
274 273
304 273
305 273
306 273
340 273
274 274
275 274
305 274
306 274
307 274
340 274
275 275
276 275
306 275
307 275
308 275
340 275
276 276
277 276
307 276
308 276
309 276
340 276
277 277
278 277
308 277
309 277
278 278
279 278
309 278
279 279
280 279
280 280
281 280
310 280
281 281
282 281
310 281
311 281
348 281
352 281
360 281
364 281
282 282
283 282
310 282
311 282
312 282
283 283
284 283
311 283
312 283
313 283
284 284
285 284
312 284
313 284
314 284
285 285
286 285
313 285
314 285
315 285
286 286
287 286
314 286
315 286
316 286
287 287
288 287
315 287
316 287
317 287
288 288
289 288
316 288
317 288
318 288
289 289
290 289
317 289
318 289
319 289
290 290
291 290
318 290
319 290
320 290
291 291
292 291
319 291
320 291
321 291
292 292
293 292
320 292
321 292
322 292
293 293
294 293
321 293
322 293
323 293
294 294
295 294
322 294
323 294
324 294
295 295
296 295
323 295
324 295
325 295
296 296
297 296
324 296
325 296
326 296
297 297
298 297
325 297
326 297
339 297
340 297
298 298
299 298
326 298
339 298
340 298
299 299
300 299
328 299
329 299
339 299
340 299
300 300
301 300
328 300
329 300
330 300
301 301
302 301
329 301
330 301
331 301
302 302
303 302
330 302
331 302
332 302
303 303
304 303
331 303
332 303
333 303
304 304
305 304
332 304
333 304
334 304
340 304
305 305
306 305
333 305
334 305
335 305
340 305
306 306
307 306
334 306
335 306
336 306
340 306
307 307
308 307
335 307
336 307
340 307
308 308
309 308
336 308
340 308
343 308
344 308
355 308
356 308
309 309
310 310
311 310
311 311
312 311
312 312
313 312
313 313
314 313
314 314
315 314
315 315
316 315
316 316
317 316
317 317
318 317
318 318
319 318
319 319
320 319
320 320
321 320
321 321
322 321
322 322
323 322
323 323
324 323
324 324
325 324
325 325
326 325
326 326
327 326
339 326
340 326
327 327
328 327
339 327
340 327
328 328
329 328
339 328
340 328
329 329
330 329
330 330
331 330
331 331
332 331
332 332
333 332
333 333
334 333
340 333
334 334
335 334
340 334
335 335
336 335
340 335
336 336
337 337
338 337
345 337
346 337
347 337
353 337
354 337
357 337
358 337
359 337
365 337
366 337
338 338
344 338
345 338
346 338
356 338
357 338
358 338
339 339
340 339
340 340
341 340
342 340
341 341
342 342
343 343
344 343
345 343
349 343
344 344
345 344
349 344
345 345
346 345
349 345
350 345
346 346
347 346
349 346
350 346
351 346
353 346
354 346
347 347
348 347
350 347
351 347
352 347
348 348
351 348
352 348
349 349
350 349
350 350
351 350
351 351
352 351
352 352
353 353
354 354
355 355
356 355
357 355
361 355
356 356
357 356
361 356
357 357
358 357
361 357
362 357
358 358
359 358
361 358
362 358
363 358
365 358
366 358
359 359
360 359
362 359
363 359
364 359
360 360
363 360
364 360
361 361
362 361
362 362
363 362
363 363
364 363
364 364
365 365
366 366
367 367
383 367
384 367
414 367
368 368
384 368
385 368
386 368
369 369
386 369
387 369
388 369
370 370
388 370
389 370
390 370
371 371
390 371
391 371
392 371
372 372
392 372
393 372
394 372
373 373
394 373
395 373
396 373
374 374
396 374
397 374
398 374
375 375
398 375
399 375
400 375
376 376
400 376
401 376
402 376
377 377
402 377
403 377
404 377
378 378
404 378
405 378
406 378
379 379
406 379
407 379
408 379
380 380
408 380
409 380
410 380
381 381
410 381
411 381
412 381
382 382
412 382
413 382
414 382
383 383
384 383
414 383
415 383
416 383
446 383
384 384
385 384
415 384
416 384
417 384
385 385
386 385
416 385
417 385
418 385
386 386
387 386
417 386
418 386
419 386
387 387
388 387
418 387
419 387
420 387
388 388
389 388
419 388
420 388
421 388
389 389
390 389
420 389
421 389
422 389
390 390
391 390
421 390
422 390
423 390
391 391
392 391
422 391
423 391
424 391
392 392
393 392
423 392
424 392
425 392
393 393
394 393
424 393
425 393
426 393
394 394
395 394
425 394
426 394
427 394
395 395
396 395
426 395
427 395
428 395
396 396
397 396
427 396
428 396
429 396
397 397
398 397
428 397
429 397
430 397
398 398
399 398
429 398
430 398
431 398
399 399
400 399
430 399
431 399
432 399
400 400
401 400
431 400
432 400
433 400
401 401
402 401
432 401
433 401
434 401
402 402
403 402
433 402
434 402
435 402
403 403
404 403
434 403
435 403
436 403
404 404
405 404
435 404
436 404
437 404
405 405
406 405
436 405
437 405
438 405
406 406
407 406
437 406
438 406
439 406
407 407
408 407
438 407
439 407
440 407
408 408
409 408
439 408
440 408
441 408
409 409
410 409
440 409
441 409
442 409
410 410
411 410
441 410
442 410
443 410
411 411
412 411
442 411
443 411
444 411
412 412
413 412
443 412
444 412
445 412
413 413
414 413
444 413
445 413
446 413
414 414
415 414
445 414
446 414
415 415
416 415
446 415
447 415
448 415
478 415
416 416
417 416
447 416
448 416
449 416
417 417
418 417
448 417
449 417
450 417
418 418
419 418
449 418
450 418
451 418
419 419
420 419
450 419
451 419
452 419
420 420
421 420
451 420
452 420
453 420
421 421
422 421
452 421
453 421
454 421
422 422
423 422
453 422
454 422
455 422
423 423
424 423
454 423
455 423
456 423
424 424
425 424
455 424
456 424
457 424
425 425
426 425
456 425
457 425
458 425
426 426
427 426
457 426
458 426
459 426
427 427
428 427
458 427
459 427
460 427
428 428
429 428
459 428
460 428
461 428
429 429
430 429
460 429
461 429
462 429
430 430
431 430
461 430
462 430
463 430
431 431
432 431
462 431
463 431
464 431
432 432
433 432
463 432
464 432
465 432
433 433
434 433
464 433
465 433
466 433
434 434
435 434
465 434
466 434
467 434
435 435
436 435
466 435
467 435
468 435
436 436
437 436
467 436
468 436
469 436
437 437
438 437
468 437
469 437
470 437
438 438
439 438
469 438
470 438
471 438
439 439
440 439
470 439
471 439
472 439
440 440
441 440
471 440
472 440
473 440
441 441
442 441
472 441
473 441
474 441
442 442
443 442
473 442
474 442
475 442
443 443
444 443
474 443
475 443
476 443
444 444
445 444
475 444
476 444
477 444
445 445
446 445
476 445
477 445
478 445
446 446
447 446
477 446
478 446
447 447
448 447
478 447
533 447
448 448
449 448
479 448
449 449
450 449
479 449
480 449
450 450
451 450
479 450
480 450
481 450
451 451
452 451
480 451
481 451
482 451
452 452
453 452
481 452
482 452
483 452
453 453
454 453
482 453
483 453
484 453
454 454
455 454
483 454
484 454
485 454
455 455
456 455
484 455
485 455
486 455
456 456
457 456
485 456
486 456
487 456
457 457
458 457
486 457
487 457
488 457
458 458
459 458
487 458
488 458
489 458
459 459
460 459
488 459
489 459
490 459
460 460
461 460
489 460
490 460
491 460
461 461
462 461
490 461
491 461
492 461
462 462
463 462
491 462
492 462
493 462
463 463
464 463
492 463
493 463
494 463
464 464
465 464
493 464
494 464
495 464
465 465
466 465
494 465
495 465
496 465
466 466
467 466
495 466
496 466
497 466
467 467
468 467
496 467
497 467
498 467
468 468
469 468
497 468
498 468
499 468
469 469
470 469
498 469
499 469
500 469
470 470
471 470
499 470
500 470
501 470
471 471
472 471
500 471
501 471
502 471
472 472
473 472
501 472
502 472
503 472
473 473
474 473
502 473
503 473
504 473
474 474
475 474
503 474
504 474
505 474
475 475
476 475
504 475
505 475
506 475
476 476
477 476
505 476
506 476
532 476
477 477
478 477
506 477
532 477
478 478
532 478
479 479
480 479
480 480
481 480
507 480
481 481
482 481
507 481
508 481
482 482
483 482
507 482
508 482
509 482
483 483
484 483
508 483
509 483
510 483
484 484
485 484
509 484
510 484
511 484
485 485
486 485
510 485
511 485
512 485
486 486
487 486
511 486
512 486
513 486
487 487
488 487
512 487
513 487
514 487
488 488
489 488
513 488
514 488
515 488
489 489
490 489
514 489
515 489
516 489
490 490
491 490
515 490
516 490
517 490
491 491
492 491
516 491
517 491
518 491
492 492
493 492
517 492
518 492
519 492
493 493
494 493
518 493
519 493
520 493
494 494
495 494
519 494
520 494
521 494
495 495
496 495
520 495
521 495
522 495
496 496
497 496
521 496
522 496
523 496
497 497
498 497
522 497
523 497
524 497
498 498
499 498
523 498
524 498
525 498
499 499
500 499
524 499
525 499
526 499
500 500
501 500
525 500
526 500
527 500
501 501
502 501
526 501
527 501
528 501
502 502
503 502
527 502
528 502
529 502
503 503
504 503
528 503
529 503
530 503
504 504
505 504
529 504
530 504
531 504
505 505
506 505
530 505
531 505
506 506
531 506
532 506
507 507
508 507
534 507
508 508
509 508
509 509
510 509
535 509
510 510
511 510
511 511
512 511
536 511
715 511
512 512
513 512
513 513
514 513
537 513
514 514
515 514
515 515
516 515
538 515
516 516
517 516
517 517
518 517
539 517
518 518
519 518
519 519
520 519
540 519
520 520
521 520
521 521
522 521
541 521
522 522
523 522
523 523
524 523
542 523
524 524
525 524
525 525
526 525
543 525
526 526
527 526
527 527
528 527
544 527
710 527
528 528
529 528
529 529
530 529
545 529
530 530
531 530
531 531
546 531
532 532
533 533
627 533
628 533
658 533
659 533
689 533
534 534
661 534
662 534
663 534
691 534
692 534
535 535
663 535
664 535
665 535
692 535
693 535
536 536
666 536
667 536
694 536
714 536
715 536
537 537
667 537
668 537
669 537
694 537
695 537
538 538
669 538
670 538
671 538
695 538
696 538
539 539
671 539
672 539
673 539
696 539
697 539
540 540
673 540
674 540
675 540
697 540
698 540
541 541
675 541
676 541
677 541
698 541
699 541
542 542
677 542
678 542
679 542
699 542
700 542
543 543
679 543
680 543
681 543
700 543
701 543
544 544
681 544
682 544
701 544
709 544
710 544
545 545
683 545
684 545
685 545
702 545
703 545
546 546
685 546
686 546
687 546
703 546
704 546
547 547
563 547
564 547
594 547
548 548
564 548
565 548
566 548
549 549
566 549
567 549
568 549
550 550
568 550
569 550
570 550
551 551
570 551
571 551
572 551
711 551
552 552
572 552
573 552
574 552
553 553
574 553
575 553
576 553
554 554
576 554
577 554
578 554
555 555
578 555
579 555
580 555
556 556
580 556
581 556
582 556
557 557
582 557
583 557
584 557
558 558
584 558
585 558
586 558
559 559
586 559
587 559
588 559
706 559
560 560
588 560
589 560
590 560
561 561
590 561
591 561
592 561
562 562
592 562
593 562
594 562
563 563
564 563
594 563
595 563
596 563
626 563
564 564
565 564
595 564
596 564
597 564
565 565
566 565
596 565
597 565
598 565
566 566
567 566
597 566
598 566
599 566
567 567
568 567
598 567
599 567
600 567
568 568
569 568
599 568
600 568
601 568
569 569
570 569
600 569
601 569
602 569
570 570
571 570
601 570
602 570
711 570
712 570
571 571
572 571
602 571
603 571
604 571
711 571
712 571
572 572
573 572
603 572
604 572
605 572
711 572
712 572
573 573
574 573
604 573
605 573
606 573
574 574
575 574
605 574
606 574
607 574
575 575
576 575
606 575
607 575
608 575
576 576
577 576
607 576
608 576
609 576
577 577
578 577
608 577
609 577
610 577
578 578
579 578
609 578
610 578
611 578
579 579
580 579
610 579
611 579
612 579
580 580
581 580
611 580
612 580
613 580
581 581
582 581
612 581
613 581
614 581
582 582
583 582
613 582
614 582
615 582
583 583
584 583
614 583
615 583
616 583
584 584
585 584
615 584
616 584
617 584
585 585
586 585
616 585
617 585
618 585
586 586
587 586
617 586
618 586
619 586
706 586
707 586
587 587
618 587
619 587
706 587
707 587
588 588
589 588
620 588
621 588
706 588
707 588
589 589
590 589
620 589
621 589
622 589
590 590
591 590
621 590
622 590
623 590
591 591
592 591
622 591
623 591
624 591
592 592
593 592
623 592
624 592
625 592
593 593
594 593
624 593
625 593
626 593
594 594
595 594
625 594
626 594
595 595
596 595
626 595
627 595
628 595
658 595
596 596
597 596
627 596
628 596
629 596
597 597
598 597
628 597
629 597
630 597
598 598
599 598
629 598
630 598
631 598
599 599
600 599
630 599
631 599
632 599
600 600
601 600
631 600
632 600
633 600
601 601
602 601
632 601
633 601
634 601
602 602
633 602
634 602
711 602
712 602
713 602
603 603
604 603
635 603
636 603
711 603
712 603
713 603
604 604
605 604
635 604
636 604
637 604
711 604
712 604
713 604
605 605
606 605
636 605
637 605
638 605
606 606
607 606
637 606
638 606
639 606
607 607
608 607
638 607
639 607
640 607
608 608
609 608
639 608
640 608
641 608
609 609
610 609
640 609
641 609
642 609
610 610
611 610
641 610
642 610
643 610
611 611
612 611
642 611
643 611
644 611
612 612
613 612
643 612
644 612
645 612
613 613
614 613
644 613
645 613
646 613
614 614
615 614
645 614
646 614
647 614
615 615
616 615
646 615
647 615
648 615
616 616
617 616
647 616
648 616
649 616
617 617
618 617
648 617
649 617
650 617
618 618
619 618
649 618
650 618
651 618
706 618
707 618
708 618
619 619
650 619
651 619
706 619
707 619
708 619
620 620
621 620
652 620
653 620
706 620
707 620
708 620
621 621
622 621
652 621
653 621
654 621
622 622
623 622
653 622
654 622
655 622
623 623
624 623
654 623
655 623
656 623
624 624
625 624
655 624
656 624
657 624
625 625
626 625
656 625
657 625
658 625
626 626
627 626
657 626
658 626
627 627
628 627
658 627
659 627
689 627
628 628
629 628
659 628
660 628
629 629
630 629
659 629
660 629
661 629
630 630
631 630
660 630
661 630
662 630
631 631
632 631
661 631
662 631
663 631
632 632
633 632
662 632
663 632
664 632
633 633
634 633
663 633
664 633
665 633
634 634
664 634
665 634
712 634
713 634
714 634
635 635
636 635
666 635
667 635
712 635
713 635
714 635
636 636
637 636
666 636
667 636
668 636
712 636
713 636
714 636
637 637
638 637
667 637
668 637
669 637
638 638
639 638
668 638
669 638
670 638
639 639
640 639
669 639
670 639
671 639
640 640
641 640
670 640
671 640
672 640
641 641
642 641
671 641
672 641
673 641
642 642
643 642
672 642
673 642
674 642
643 643
644 643
673 643
674 643
675 643
644 644
645 644
674 644
675 644
676 644
645 645
646 645
675 645
676 645
677 645
646 646
647 646
676 646
677 646
678 646
647 647
648 647
677 647
678 647
679 647
648 648
649 648
678 648
679 648
680 648
649 649
650 649
679 649
680 649
681 649
650 650
651 650
680 650
681 650
682 650
707 650
708 650
709 650
651 651
681 651
682 651
707 651
708 651
709 651
652 652
653 652
683 652
684 652
707 652
708 652
709 652
653 653
654 653
683 653
684 653
685 653
654 654
655 654
684 654
685 654
686 654
655 655
656 655
685 655
686 655
687 655
656 656
657 656
686 656
687 656
688 656
657 657
658 657
687 657
688 657
689 657
658 658
688 658
689 658
659 659
660 659
690 659
660 660
661 660
690 660
691 660
661 661
662 661
690 661
691 661
662 662
663 662
691 662
692 662
663 663
664 663
692 663
664 664
665 664
692 664
693 664
665 665
693 665
713 665
714 665
715 665
666 666
667 666
694 666
713 666
714 666
715 666
667 667
668 667
694 667
713 667
714 667
715 667
668 668
669 668
694 668
695 668
669 669
670 669
695 669
670 670
671 670
695 670
696 670
671 671
672 671
696 671
672 672
673 672
696 672
697 672
673 673
674 673
697 673
674 674
675 674
697 674
698 674
675 675
676 675
698 675
676 676
677 676
698 676
699 676
677 677
678 677
699 677
678 678
679 678
699 678
700 678
679 679
680 679
700 679
680 680
681 680
700 680
701 680
681 681
682 681
701 681
708 681
709 681
710 681
682 682
701 682
708 682
709 682
710 682
683 683
684 683
702 683
708 683
709 683
710 683
684 684
685 684
702 684
703 684
685 685
686 685
703 685
686 686
687 686
703 686
704 686
687 687
688 687
704 687
705 687
688 688
689 688
704 688
705 688
689 689
705 689
690 690
691 690
691 691
692 692
693 693
714 693
715 693
694 694
714 694
715 694
695 695
696 696
697 697
698 698
699 699
700 700
701 701
709 701
710 701
702 702
709 702
710 702
703 703
704 704
705 704
705 705
706 706
707 706
707 707
708 707
708 708
709 708
709 709
710 709
710 710
711 711
712 711
712 712
713 712
713 713
714 713
714 714
715 714
715 715