0
1 387
1 36
1 127
1 61
1 129
1 361
1 284
1 110
1 298
1 91
1 189
1 100
2 464
2 435
2 147
2 38
3 481
3 271
3 437
3 407
3 308
3 254
3 200
3 190
3 291
4 53
4 439
4 166
4 398
4 355
4 201
4 178
4 399
4 37
4 317
4 6
5 228
5 329
5 12
5 188
5 367
5 281
6 17
6 108
6 341
6 154
6 13
6 113
6 279
7 142
7 476
7 172
7 194
7 370
7 84
8 472
8 365
8 211
8 312
8 13
8 49
8 446
8 449
8 380
8 229
8 428
9 376
9 489
9 17
9 31
9 285
9 310
9 277
10 275
10 209
10 156
10 496
10 332
10 48
10 181
10 50
10 403
10 494
10 271
10 87
11 203
11 291
11 457
11 50
11 85
11 251
11 372
11 460
11 76
11 345
12 188
12 155
12 498
12 248
12 313
12 105
12 470
12 21
12 431
12 143
13 199
13 297
13 277
13 133
13 466
13 266
13 157
13 389
13 402
13 457
13 424
13 247
13 62
13 66
13 331
13 134
14 367
14 455
14 260
14 317
14 308
14 144
14 366
15 476
15 468
15 94
15 192
15 206
15 167
15 111
15 58
16 194
16 428
16 431
16 398
16 276
16 167
16 369
16 290
16 260
17 196
17 244
17 211
17 321
18 193
18 229
18 39
18 372
18 185
18 123
18 269
18 359
18 404
18 184
19 315
19 460
19 56
19 219
19 158
19 82
19 203
19 157
19 147
19 444
20 93
20 259
20 370
20 493
20 195
20 463
20 440
20 263
20 429
20 343
20 67
20 433
20 423
20 125
20 478
20 379
21 306
21 266
21 112
21 255
21 313
21 447
21 171
21 138
21 195
22 50
22 376
22 330
22 277
22 368
22 489
22 57
22 258
23 243
23 364
23 100
23 83
23 181
24 473
24 485
24 318
24 32
24 420
24 312
24 37
24 115
24 46
24 169
24 368
24 380
24 491
25 276
25 433
25 125
25 180
25 313
25 38
25 103
25 138
25 95
25 49
25 107
25 419
25 252
25 198
26 197
26 164
26 158
26 171
26 494
26 196
27 276
27 462
27 80
27 204
27 361
27 108
27 415
28 387
28 432
28 172
28 338
28 216
28 165
28 144
28 98
28 211
29 458
29 460
29 164
29 131
29 176
30 49
30 81
30 204
30 60
30 108
30 173
30 460
30 487
30 378
31 67
31 39
31 248
31 32
31 255
32 189
32 453
32 322
32 181
32 112
32 238
32 436
32 403
32 196
32 461
32 150
32 451
33 38
33 93
33 227
33 138
33 42
33 382
33 470
33 230
33 99
33 355
33 69
34 114
34 225
34 182
34 172
34 193
34 52
34 163
34 86
34 398
34 224
34 115
35 40
35 259
35 331
35 154
35 386
35 70
35 490
36 84
36 304
36 208
36 397
36 485
36 53
36 177
36 134
36 101
36 433
36 410
36 256
37 142
37 240
37 253
37 364
37 331
37 187
37 78
37 343
37 80
37 488
37 411
37 423
37 95
37 42
38 372
38 218
38 152
38 187
38 255
38 211
38 104
38 290
38 70
39 71
39 447
39 303
39 250
39 426
39 285
39 118
39 330
39 120
39 473
39 331
39 355
39 201
39 491
39 301
40 275
40 379
40 214
40 315
40 416
40 393
40 428
40 120
40 473
41 220
41 285
41 103
41 178
41 420
41 435
41 490
41 149
41 237
41 328
42 496
42 356
42 444
42 126
42 317
42 428
42 286
42 373
42 110
43 374
43 489
43 420
43 148
43 213
43 326
43 229
43 405
43 120
44 455
44 291
44 500
44 338
44 161
44 481
44 415
44 464
44 375
45 371
45 448
45 140
45 442
45 111
46 88
46 333
46 221
46 67
46 468
46 248
46 159
46 424
46 250
46 184
46 229
46 472
46 167
47 49
47 281
47 487
47 55
47 68
47 431
48 123
48 135
48 380
48 180
48 126
48 463
48 276
48 220
48 89
48 164
49 489
49 481
49 196
49 382
49 386
49 363
49 333
49 465
50 104
50 225
50 358
50 108
50 229
50 144
50 233
50 498
50 432
51 343
51 347
51 318
51 64
51 354
52 370
52 406
52 491
52 186
52 210
52 288
52 386
52 499
52 488
52 160
53 434
53 461
53 130
53 188
53 495
53 131
53 444
53 332
53 423
54 394
54 230
54 484
54 293
54 413
54 347
54 360
54 438
54 117
54 84
55 405
55 264
55 97
55 87
55 364
55 166
55 431
55 287
55 179
55 234
55 201
55 412
56 495
56 210
56 409
56 258
56 434
56 326
56 338
56 403
56 97
56 195
57 440
57 230
57 86
57 474
57 421
57 113
57 223
57 79
57 213
57 445
57 170
57 292
57 426
57 494
57 340
57 418
58 65
58 198
58 175
58 142
58 154
58 465
58 72
58 271
58 215
58 336
58 227
58 406
59 441
59 454
59 399
59 150
59 120
59 482
59 86
60 155
60 341
60 136
60 446
60 83
60 141
60 383
61 178
61 236
61 346
61 129
61 325
61 341
61 210
61 331
61 431
62 78
62 332
62 377
62 344
62 359
62 182
62 414
62 194
62 155
62 397
62 154
63 182
63 75
63 74
63 87
63 417
63 495
63 485
63 330
63 418
63 267
63 400
63 167
63 225
64 456
64 346
64 434
64 394
64 370
64 221
64 155
64 66
65 88
65 159
65 128
65 165
65 308
66 139
66 214
66 194
66 171
66 118
66 337
66 183
66 219
66 264
66 309
66 232
67 157
67 215
67 470
67 204
67 163
67 241
67 185
68 315
68 259
68 384
68 122
68 222
68 176
68 477
68 158
69 71
69 217
69 73
69 390
70 319
70 429
70 98
70 234
70 357
70 248
70 391
70 74
71 288
71 98
71 363
71 267
71 387
71 270
71 106
71 194
71 85
72 162
72 363
72 198
72 80
72 191
72 236
73 230
73 243
73 343
73 424
73 106
73 328
73 383
74 120
74 441
74 181
74 357
74 311
74 258
74 238
74 280
74 403
75 300
75 465
75 324
75 445
75 389
75 447
75 358
75 305
75 86
75 320
76 362
76 112
76 157
76 123
76 82
76 346
76 336
76 172
76 131
77 153
77 372
77 485
77 477
77 244
77 150
77 336
78 478
78 425
78 127
78 479
78 118
78 239
78 173
78 294
78 195
78 245
78 101
79 254
79 162
79 139
79 361
79 350
79 183
79 372
79 384
79 442
80 83
80 194
80 142
80 485
80 452
80 419
80 245
80 133
81 401
81 257
81 246
81 367
81 490
81 349
81 381
81 194
81 264
81 167
82 436
82 328
82 151
82 152
82 452
82 330
82 297
82 191
82 135
82 400
82 468
82 180
82 235
83 129
83 259
83 252
83 372
83 309
83 222
83 320
83 443
84 223
84 196
84 188
84 178
85 449
85 161
85 418
85 375
85 363
85 136
85 181
85 491
85 468
85 248
86 382
86 463
86 430
87 189
87 143
87 421
87 213
87 324
87 477
87 414
87 469
87 426
87 295
87 360
88 163
88 208
88 187
88 242
88 127
88 139
89 354
89 166
89 269
89 280
90 157
90 136
90 326
90 358
90 426
90 327
91 438
91 374
91 476
91 400
91 213
91 491
91 215
91 217
92 222
92 499
92 414
92 428
92 185
92 376
93 438
93 110
93 397
93 99
93 210
93 497
93 101
93 425
93 381
93 439
94 256
94 236
94 213
94 379
94 404
94 260
94 485
94 419
94 396
95 323
95 314
95 186
95 405
95 264
95 483
95 407
96 179
96 113
96 312
96 259
96 394
96 240
96 184
96 206
96 209
96 307
96 251
96 408
96 185
97 179
97 423
97 334
97 318
97 173
98 265
98 313
98 499
98 114
98 261
98 260
98 119
98 481
98 419
99 313
99 484
99 152
99 119
99 429
99 355
99 191
100 225
100 139
100 217
100 439
100 418
100 419
100 255
100 234
101 283
101 272
101 397
101 454
102 392
102 481
102 130
102 395
102 483
102 496
102 190
103 491
103 351
103 339
103 208
103 221
103 188
103 220
103 200
103 321
103 268
103 464
103 477
103 413
104 495
104 233
104 333
104 453
104 423
104 170
104 436
105 184
105 174
105 397
105 308
105 465
105 134
105 444
105 423
105 269
105 258
106 395
106 440
106 397
106 187
106 135
106 437
106 414
106 126
106 285
106 239
106 438
107 254
107 231
107 198
107 409
107 242
107 421
107 127
107 313
107 119
107 184
108 379
108 346
108 162
108 139
108 305
108 440
108 397
109 245
109 287
109 191
109 478
109 190
109 435
109 291
109 205
109 174
109 481
109 494
109 150
110 362
110 254
110 308
110 454
110 488
110 259
111 389
111 221
111 417
111 142
111 112
111 233
111 396
112 386
112 232
112 464
112 454
112 224
112 392
112 204
112 362
112 218
112 352
112 430
113 350
114 245
114 161
114 393
114 285
114 130
114 319
115 293
115 328
115 153
115 143
115 132
115 356
115 431
115 398
115 368
116 268
116 371
116 387
116 432
116 244
116 168
116 256
117 292
117 347
117 180
117 361
117 171
117 471
117 175
117 351
117 466
118 395
118 133
118 218
118 177
118 410
118 491
118 304
118 127
119 215
119 293
119 482
119 451
119 428
119 264
119 332
119 155
119 168
120 409
120 474
120 259
120 268
120 379
120 447
120 317
121 385
121 185
121 157
121 277
121 257
121 145
121 246
121 389
121 313
122 414
122 416
122 239
122 474
122 377
122 180
122 136
123 145
123 235
123 310
123 335
123 225
123 262
124 285
124 350
124 441
124 453
124 189
124 138
125 320
125 195
125 360
125 350
126 209
126 364
126 218
126 162
126 239
127 468
127 369
127 250
127 239
127 130
127 264
127 306
127 342
127 266
127 474
128 146
128 193
128 437
128 273
128 217
128 194
128 206
128 264
128 309
129 462
129 223
129 344
129 288
129 435
129 336
129 460
129 327
130 445
130 170
130 425
130 358
130 351
130 456
131 355
131 345
131 246
131 259
131 449
131 166
132 367
133 404
133 152
133 273
133 485
133 354
133 144
134 222
134 335
134 268
134 434
134 447
134 270
134 393
135 329
136 380
136 203
136 248
136 427
136 373
136 353
136 385
136 498
136 192
137 383
137 197
137 353
137 401
137 292
138 299
138 397
138 230
138 290
138 191
138 292
138 370
138 491
138 248
139 452
139 326
139 360
139 206
140 284
140 176
140 189
140 224
141 373
141 471
141 251
141 210
141 159
141 379
141 149
142 210
142 178
142 433
142 455
142 249
142 196
142 483
142 417
143 406
143 166
143 443
143 276
143 421
143 292
143 182
143 306
144 310
144 156
144 411
144 314
144 427
144 184
144 396
144 350
144 209
144 186
144 153
144 241
144 231
144 450
144 354
145 419
145 423
145 436
145 236
145 193
145 164
145 285
145 372
146 314
146 183
146 268
146 281
146 239
146 405
146 224
147 280
147 160
147 182
147 303
147 331
148 498
148 349
148 272
148 486
149 304
149 393
149 175
149 341
149 421
149 398
150 413
150 488
150 261
150 182
150 320
150 165
151 371
151 315
151 295
151 484
151 309
151 335
151 433
151 325
151 193
152 367
152 305
152 363
152 296
152 190
152 313
152 270
153 448
153 253
153 391
154 385
154 362
154 321
154 356
154 247
154 468
154 183
154 359
155 196
155 166
155 253
155 485
155 187
155 431
155 335
155 491
155 228
156 186
156 428
156 374
156 376
156 499
156 324
156 285
157 449
157 295
157 363
157 484
157 196
157 365
157 486
157 189
157 225
158 332
158 314
158 248
158 172
158 381
158 328
159 386
159 333
159 402
159 293
159 307
159 176
160 477
160 367
160 347
160 427
160 284
160 395
160 166
160 364
160 422
161 321
161 399
161 454
161 168
161 446
161 424
161 385
161 362
161 309
162 200
162 311
162 500
162 424
162 445
162 230
162 284
163 261
163 381
163 395
163 254
163 485
163 354
163 368
164 355
164 456
164 185
164 306
164 263
164 418
165 457
165 275
165 363
165 284
165 255
165 191
166 314
166 420
166 210
166 378
167 270
167 201
167 315
167 425
167 207
167 496
167 485
167 187
167 399
167 500
168 272
168 453
168 477
168 292
169 469
169 400
169 282
169 405
169 205
169 219
169 307
169 464
169 365
169 345
170 451
170 462
170 223
170 390
170 415
170 381
171 217
171 482
171 459
171 426
171 452
171 454
171 398
171 203
171 324
172 244
172 487
172 192
172 313
172 437
172 227
172 230
172 295
173 396
173 317
173 245
173 457
173 358
173 302
173 481
173 250
173 482
174 187
174 252
174 364
174 475
174 422
174 268
174 405
174 182
175 500
175 228
176 298
176 300
176 478
176 382
176 238
176 460
176 293
176 270
176 275
177 435
177 260
177 361
177 396
177 252
177 264
177 420
177 344
178 491
178 330
178 322
178 299
179 357
179 470
179 326
179 208
179 473
179 486
179 308
179 456
180 446
180 238
180 405
180 483
180 331
180 288
181 394
181 198
182 236
182 468
182 324
182 316
182 263
182 267
182 446
183 466
183 259
183 449
183 363
183 487
183 202
184 494
184 363
184 489
184 312
184 349
184 227
185 384
185 361
185 332
185 331
185 323
185 388
185 325
185 446
186 194
186 261
186 301
187 308
187 363
187 208
187 266
187 413
187 380
187 480
188 383
188 440
189 500
189 368
189 237
189 305
190 463
190 319
190 377
190 225
190 300
190 204
190 483
190 293
190 450
190 306
191 310
191 313
191 388
191 345
191 458
191 480
192 299
192 276
192 243
192 421
192 292
192 327
192 338
192 416
192 272
192 308
192 484
192 418
192 254
193 338
193 230
193 439
193 265
193 267
193 422
193 399
194 452
194 442
194 423
194 370
194 306
194 428
194 264
194 254
195 412
195 457
195 270
195 469
195 215
196 381
196 438
196 209
196 463
196 309
196 345
197 323
197 411
197 216
197 317
197 234
198 226
198 392
198 372
198 472
198 220
198 265
199 361
199 420
199 354
199 212
199 333
200 280
200 226
200 294
200 493
200 426
201 344
201 415
202 440
202 318
202 219
202 340
202 241
202 355
202 211
202 289
202 434
202 267
203 242
203 398
203 374
203 355
203 302
203 392
203 361
204 495
204 350
204 219
204 428
204 379
204 433
204 324
204 359
205 230
205 355
205 437
205 414
205 391
205 283
205 231
205 276
206 494
206 363
206 451
206 355
206 332
206 401
206 247
206 314
206 417
207 494
207 365
207 322
207 442
207 360
207 435
208 443
208 485
208 233
208 431
209 473
209 443
209 310
209 411
209 481
210 445
210 379
210 235
210 401
210 417
210 227
210 285
211 498
211 345
211 405
211 229
211 418
212 486
212 387
212 358
212 491
212 406
213 337
213 404
213 240
213 328
213 266
213 256
213 465
214 457
214 429
214 398
215 460
215 391
215 446
216 267
216 317
216 363
216 330
216 231
216 223
216 465
216 346
217 416
217 406
217 256
217 435
217 327
217 238
218 293
218 298
218 222
218 496
218 400
218 336
218 424
218 358
219 459
219 390
219 350
219 286
219 353
219 254
219 352
219 322
219 433
219 367
219 454
219 490
220 305
220 429
220 232
220 443
220 436
220 304
220 238
221 492
221 459
221 441
221 431
221 354
221 390
222 268
222 323
222 466
222 312
222 315
222 263
222 449
223 404
223 234
223 453
223 477
223 237
223 438
223 261
224 225
224 391
224 327
224 359
224 329
225 321
225 409
225 301
225 487
225 437
225 394
225 439
225 471
226 264
226 467
226 448
226 369
226 318
226 416
226 484
227 331
227 303
227 273
227 394
227 371
227 439
227 416
228 233
228 445
228 412
228 358
228 302
228 470
228 343
229 337
229 480
229 260
229 250
229 308
229 457
229 290
229 270
230 267
230 336
230 293
230 450
230 296
230 471
231 367
231 324
231 259
231 437
231 265
232 348
232 361
232 285
232 320
232 333
233 417
233 279
233 498
233 288
234 483
234 467
234 457
234 478
234 382
234 359
235 339
235 242
235 453
235 334
236 341
236 331
236 292
237 384
237 252
237 408
237 457
237 290
237 271
238 446
239 310
239 358
240 472
240 406
240 340
240 402
241 421
241 384
241 252
241 297
242 367
242 303
242 296
243 319
244 319
244 290
244 391
244 383
244 480
244 285
245 454
245 367
245 344
245 402
245 338
246 267
246 450
246 404
246 263
246 386
246 297
247 357
247 480
247 384
247 352
247 433
247 266
247 455
248 427
248 287
248 453
248 377
248 432
249 300
249 459
249 337
249 306
249 307
249 324
249 454
250 350
250 418
250 499
250 436
250 460
251 409
251 345
251 481
252 493
252 460
252 385
252 299
254 372
254 410
254 288
255 388
255 347
256 464
256 333
256 490
256 436
257 485
257 332
258 355
258 332
258 345
258 261
258 349
258 273
258 482
259 267
259 457
259 348
259 468
259 493
259 449
260 473
260 427
260 310
260 342
261 433
261 465
261 455
261 301
262 446
262 285
262 311
262 280
263 411
263 267
263 337
263 329
263 283
263 475
264 496
264 410
264 449
264 329
264 475
264 353
264 366
265 270
265 446
265 428
265 437
265 473
265 427
265 363
266 491
266 497
267 459
267 274
267 342
267 311
267 424
267 348
268 481
268 350
268 493
268 427
268 321
268 298
268 343
268 354
268 336
269 275
269 343
269 398
269 411
269 391
269 459
269 382
271 495
271 275
271 432
271 434
272 306
272 429
272 373
273 432
273 291
273 446
274 424
274 390
274 316
274 461
275 344
275 500
275 293
275 302
275 393
275 284
275 329
276 419
276 297
276 488
276 288
276 290
276 483
276 473
277 420
277 384
278 421
278 321
278 467
278 313
278 438
278 392
279 292
279 392
279 326
279 328
279 433
279 410
279 367
279 321
280 341
280 406
280 330
281 413
281 351
281 397
281 487
281 356
281 411
282 384
282 351
282 423
282 399
283 468
283 399
283 411
283 358
283 371
283 452
283 451
283 320
283 300
283 486
283 387
284 372
284 293
284 451
284 430
284 333
284 369
284 346
284 304
286 460
286 484
286 389
286 359
287 452
287 487
287 466
287 357
287 399
287 480
287 414
288 432
288 492
288 495
288 363
289 339
289 473
289 296
289 332
289 437
289 292
289 304
290 362
290 329
290 379
291 433
291 324
291 333
291 346
291 456
292 420
292 301
292 323
292 429
293 312
293 488
293 445
293 456
293 347
293 372
293 408
294 355
294 412
294 371
295 348
295 316
295 482
295 343
295 442
295 467
295 457
296 490
296 358
296 456
296 393
296 448
296 322
297 432
297 366
298 313
298 304
299 359
299 424
299 483
299 472
300 361
300 308
300 445
300 456
301 327
301 434
301 424
302 394
302 333
302 380
303 352
303 445
303 412
304 442
304 411
305 312
305 357
305 499
305 452
306 351
306 390
306 380
306 347
306 324
306 389
306 434
307 336
307 411
307 461
307 333
308 420
310 342
310 355
310 476
310 358
311 492
312 349
312 316
312 343
312 322
312 465
312 357
313 477
313 456
313 450
313 442
313 333
313 378
313 453
314 476
314 410
314 500
315 414
315 373
315 485
315 452
315 484
315 376
316 488
316 404
316 330
317 454
317 322
317 367
317 435
317 500
317 468
318 343
319 487
319 463
319 433
319 367
319 323
319 336
319 469
320 473
320 451
320 411
320 466
320 467
320 480
320 338
321 339
321 397
321 496
322 373
322 402
322 333
322 393
322 349
322 351
323 438
323 427
323 423
323 357
323 458
324 392
325 396
325 440
325 407
326 490
326 439
326 455
326 445
327 347
327 405
328 435
328 484
329 471
329 420
330 447
330 426
330 339
330 427
331 399
331 422
332 483
332 421
333 427
333 456
333 393
334 441
334 346
334 492
335 381
335 399
336 433
336 392
337 369
337 381
338 494
338 445
338 411
338 469
338 397
338 495
339 485
339 431
340 492
340 449
341 429
342 374
342 359
343 425
343 367
344 356
344 346
345 477
345 357
346 435
346 471
346 440
346 375
347 434
347 371
347 482
347 438
347 398
348 481
348 363
349 498
349 350
349 462
349 355
350 436
351 497
352 366
352 402
352 461
353 487
354 413
355 462
355 454
355 420
356 448
356 375
357 361
357 374
357 429
358 400
358 436
359 495
359 453
359 390
360 455
360 403
361 404
362 456
363 421
364 391
364 393
364 484
364 428
364 496
364 419
364 399
365 420
365 498
365 419
365 477
366 489
366 379
366 492
367 394
367 399
367 489
367 457
367 479
368 405
368 487
368 489
368 425
369 374
369 472
371 445
371 391
371 483
372 442
372 379
372 500
372 493
373 461
373 407
374 403
375 396
375 484
377 445
378 436
378 383
378 429
380 478
380 459
381 447
382 427
382 465
383 494
383 495
383 465
383 401
383 469
383 403
384 459
384 402
385 425
386 471
387 403
387 493
387 497
387 456
387 412
388 414
389 460
389 412
389 459
390 426
390 420
392 483
392 398
392 422
392 458
392 414
393 490
393 416
393 430
393 497
394 428
395 488
395 434
395 469
395 493
396 466
396 411
397 416
397 495
397 453
398 448
398 404
398 442
398 466
399 430
400 406
401 476
402 406
402 433
403 459
403 475
404 453
405 499
405 443
406 494
406 469
406 457
406 450
407 448
408 442
408 456
409 471
410 464
410 433
410 436
411 435
411 412
411 451
412 491
412 427
412 453
412 475
412 474
412 454
415 438
415 442
415 467
416 495
417 472
417 480
417 470
418 472
418 473
418 420
418 435
419 462
419 443
419 456
420 487
420 443
421 432
421 433
421 447
421 449
422 497
424 428
425 432
425 480
426 474
427 496
428 493
428 473
430 436
430 439
430 434
432 458
432 450
432 495
433 470
434 498
434 456
435 464
435 489
436 490
438 473
439 451
439 453
440 443
441 450
441 468
441 494
442 467
442 460
442 452
442 474
443 451
445 448
446 480
446 496
447 461
448 496
448 455
451 479
452 491
453 485
453 491
454 479
454 459
455 475
455 472
457 468
458 464
458 493
458 494
460 488
462 471
464 490
464 485
465 485
465 488
466 481
467 489
471 483
471 485
473 481
478 496
478 497
486 498
489 492
494 495