721.945
163.846
473.587
143.721
64.7573
490.451
89.2672
576.812
917.273
215.351
753.126
485.663
497.322
850.587
500.731
488.494
347.572
802.967
861.321
406.648
897.816
620.13
443.157
722.492
496.696
675.158
198.5
191.726
110.556
294.267
792.388
583.714
569.716
624.823
464.754
595.025
229.61
197.283
921.393
477.695
135.747
520.369
367.838
497.474
141.659
238.383
516
85.7164
884.058
528.426
69.7074
301.019
562.468
500.924
740.195
273.899
811.15
3.94211
243.448
182.912
867.116
276.198
967.979
496.879
343.556
787.008
403.321
605.912
265.01
407.438
178.173
619.151
68.4562
685.667
426.871
616.776
694.928
357.064
55.5478
88.8785
285.922
164.457
666.324
369.446
229.243
276.78
897.233
718.126
504.376
946.205
681.778
382.029
384.25
481.187
764.201
514.379
560.436
101.506
745.066
788.207
659.683
139.073
541.173
504.681
485.773
694.38
182.165
495.072
84.2593
443.409
708.179
378.314
630.094
261.246
825.169
477.578
618.629
846.458
423.349
981.526
304.854
815.62
346.064
476.163
459.297
693.892
619.104
289.396
515.348
359.235
512.8
780.17
289.01
421.283
767.424
26.3754
511.228
525.837
502.54
638.806
492.895
973.348
748.796
343.228
345.014
586.6
255.96
566.868
291.558
192.489
38.1438
517.114
674.212
918.964
496.049
92.9807
138.717
279.77
411.385
401.684
115.906
661.109
706.777
742.904
868.184
223.976
906.651
789.88
316.034
652.447
332.597
852.517
186.419
802.06
449.096
553.482
970.773
504.404
290.744
363.446
188.642
826.845
674.482
323.785
366.296
645.129
557.943
551.147
690.631
63.0491
902.433
528.73
486.024
487.934
490.501
513.217
304.923
288.752
0
323.239
711.464
546.3
500.59
175.721
816.922
360.804
614.528
398.056
668.407
225.529
480.372
56.3809
499.614
345.605
457.165
356.609
437.937
163.56
365.645
244.398
200.602
816.932
486.521
946.206
60.0358
803.08
410.578
475.723
536.3
125.134
508.47
195.647
500.796
511.769
924.374
503.567
316.832
758.341
670.886
554.964
690.383
727.983
490.016
533.885
236.546
501.236
948.39
20.7584
346.93
382.531
532.708
498.547
165.65
107.707
565.503
342.037
218.822
680.632
800.443
209.4
501.285
991.617
25.5477
952.15
532.927
510.93
537.008
699.707
972.107
456.852
897.584
842.943
134.303
285.824
531.001
982.485
935.727
505.635
749.569
511.877
858.949
682.569
742.534
584.883
473.174
499.159
129.101
768.184
248.647
413.392
263.846
679.044
642.686
458.18
706.367
244.509
814.475
973.195
487.046
637.35
487.375
982.138
683.593
548.979
631.476
397.189
441.065
520.471
345.995
497.782
687.768
421.656
462.616
505.495
484.972
35.5715
490.846
329.904
405.562
115.421
494.553
446.693
420.865
234.708
144.562
439.026
357.136
458.299
678.472
446.122
361.244
596.945
208.452
930.933
151.755
124.567
371.287
531.491
411.928
726.578
71.3121
253.724
834.207
700.112
617.346
27.4703
799.748
543.909
508.189
989.865
862.477
168.148
245.631
485.559
502.278
511.712
618.411
46.1903
506.076
204.136
974.458
707.925
511.927
56.2925
929.74
808.494
286.839
576.144
242.466
520.532
26.1519
492.061
855.482
500.862
131.248
490.385
496.552
453.062
958.151
441.783
396.786
803.858
962.414
512.72
759.5
101.492
71.7401
297.246
442.942
507.509
9.9025
403.486
606.119
958.57
370.851
642.368
980.891
490.774
382.813
286.201
472.891
963.322
642.363
490.89
269.594
721.263
739.783
977.736
830.531
440.181
242.468
182.571
50.3477
617.365
537.008
433.912
483.781
446.304
497.657
299.167
466.412
551.297
512.873
197.892
483.622
489.939
404.155
510.682
983.242
836.723
160.474
719.517
879.658
525.496
109.484
217.873
321.62
338.419
696.458
392.749
618.528
496.199
292.16
888.957
505.064
506.988
543.479
99.2159
485.932
778.788
519.879
897.544
310.968
928.581
872.828
760.99
750.305
806.18
570.119
480.345
613.827
525.769
241.099
576.542
502.128
145.111
570.284
277.295
800.144
574.484
492.657
160.755
338.69
435.83
500.178
697.416
638.339
408.196
260.598
945.214
703.399
225.515
326.613
67.9184
353.474
641.052
511.886
112.235
665.926
304.221
802.418
49.8272
479.842
508.132
392.532
497.062
175.552
439.994
482.63
433.94
879.986
388.216
821.502
165.288
510.249
341.565
677.003
460.745
185.446
974.072
59.9538
438.596
722.394
772.478
833.995
504.708
551.291
494.281
653.655
492.063
998.764
500.663
993.43
637.138
772.35
780.334
988.618
117.757
262.436
408.686
593.737
298.438
557.185
218.181
493.477
796.065
518.54
878.754
585.67
800.931
324.743
350.829
919.057
925.635
83.8455
326.142
719.946
485.067
206.506
760.086
296.626
351.124
734.312
939.133
586.675
791.607
418.398
505.495
174.046
490.008
569.838
395.969
503.575
355.536
494.573
503.167
516.122
217.983
804.02
725.248
950.037
496.121
169.996
338.115
494.488
426.174
472.786
389.818
426.003
66.5435
511.235
637.301
784.319
991.467
278.053
498.47
558.623
837.571
633.211
566.396
500.957
497.209
398.473
385.037
654.181
990.461
510.531
250.671
379.055
428.909
491.523
543.146
979.259
99.4168
814.407
242.102
364.612
508.313
71.0452
444.818
709.449
769.001
92.5459
847.67
879.807
10250
