176773
0
31599.9
0
0
0
13.2681
68271.9
235658
3869.69
184732
78099.2
81391.6
203206
65362.1
56705
9351.79
180158
211978
15685.3
246353
128964
66690.5
116094
13755
60028.9
0
181.003
0
0
176621
63420.8
63899.5
50380.3
37594.4
72536.1
4880.75
959.237
276222
14796.5
261.477
19081.9
8595.2
40.9799
0
153.241
0
0.211583
211241
37172.2
0
0
39535.1
47569.7
182592
0
202700
0
9567.48
2266.11
187323
0
298072
45357.6
14073
204407
13100.6
90671.1
6940.99
39137.2
0
100045
0
85039.8
12458.5
67794.4
151467
4572.99
0
0
9236.36
0
146552
20119.2
3491.31
558.339
263174
125401
83186.8
273683
116564
13536
5351.51
76779.2
209858
12128.8
41798.8
1084.22
176297
199968
73736.9
0
61399.8
29797.3
4549.69
109308
0
41344.6
0
36075.7
115441
2.95324
101502
3563.53
183057
27554.1
90953.8
226617
18111.9
301999
11462.7
145126
0
10125.9
30540.2
79874.3
126263
26097.3
40658.7
18268.5
12117.6
187216
1781.69
0
173170
0
49468.5
8661.45
26551.9
117307
7430.55
255629
184917
13359.4
2567.35
97457.9
2295.34
71199.5
0
1031.26
0
77227.7
105678
236639
10265.3
0
19.9843
0
11561.5
27048.3
1480.97
89926.2
91536.4
96856.5
222132
0
172360
208700
3401.68
108423
22674.6
43392.3
613.517
214128
12515
57671.7
311511
259.725
3955.95
7792.06
2327.26
220442
116288
12815.2
20619.2
128767
76891.5
35494.4
151068
0
245230
54717
32126.7
46273.1
8585.22
79702.7
12772.5
3422.9
0
8382.04
101788
74528.5
83839.3
525.958
138392
12522.5
59946.7
12103.3
101487
1365.68
17716.6
0
16506.9
8087.32
15515.2
1425.49
11699.1
0
13472.6
0
2875.56
153554
45427.1
287964
0
213393
18551.5
20976.8
48557
0
1887.61
4308.21
846.488
60457
263907
40274.1
1769.15
130088
107345
45121.7
160541
137269
52042.9
94109.2
0
23738.4
302774
0
13201.8
0
57947.5
208.671
0
2994.3
50963.7
10261.2
0
72078.2
212772
1010.98
37745
231331
0
261815
74081
35607.3
80902.1
138983
274481
21558.7
218616
209094
0
345.656
36562.4
251299
284710
537.414
181941
82009.5
222468
137613
168849
44841
0
34307.6
0
198162
3307.62
15030.6
0
112714
62937.6
0
123296
0
130009
310779
2052.38
107949
65923.4
302714
95137.8
91855.1
113406
36833.8
1320.15
22249.1
9930.22
60418
112990
28465.8
22369.6
0
13693.3
0
65624.3
642.444
15928.7
0
74673
68.9091
0
0
0
31320.2
2120.45
26488.6
154746
17840.6
12867.9
45924.6
0
278803
0
35.006
11906.5
94457.7
25638.3
101935
0
940.37
188647
137395
104493
0
175280
59075.3
3483.75
259740
229823
0
3967.84
7093.99
50615.1
75162.2
103036
31.3212
58635.4
103.206
263998
160539
22574.8
0
219836
179373
5403.06
82691.9
6149.83
86310.6
190.68
52892.8
228285
44699.6
0
77525.6
3440.66
329.129
225514
33007.8
18606.5
146843
275693
4751.07
162862
0
0
2848.86
26994.9
60673.5
0
7322.58
76009.2
300566
18644.6
65432.3
259238
37638.8
21699.3
210.53
35473.4
271458
135332
18981.4
7869.97
162701
113469
268697
231101
5850.68
8100.66
0
0
93907.4
55267.7
14052.9
57848.1
29218.6
30910.3
23951.3
15603.2
48455.5
28237.3
0
55856.3
56980.1
27139.8
12844.5
253046
155878
247.782
106120
243666
78922.6
0
7569.42
4895.42
2829.58
131772
14751.7
116430
82034.3
19.4015
250159
24684.4
36154.6
34117.1
0
29621.2
190749
83373.8
239251
2822.09
255183
240640
179698
177455
219596
81166.2
51249
125598
93489.1
5598.88
107369
49385.6
32.1468
52679.5
6855.83
212856
45496.3
32137.7
0
12299.4
27426.3
8587.89
142133
59922
0
158.483
296467
103462
0
8510.44
196.356
24642.5
77057.7
41299.3
0
91227.3
19769.3
193927
158.526
54052
29860
17097.7
51337.2
0
0
0
9221.05
198214
5041.24
210163
0
24932.9
3602.59
87521.6
38828.1
0
241802
0
40487.5
134089
159927
114827
4955.02
65789.5
37955.5
76368.2
41672.7
176229
46331.9
244492
80361.8
154350
194642
275350
0
5657.45
17034.9
83308.4
0
92591.7
0
11158.3
154903
20860.5
229289
70559.4
134366
0
2465.17
269433
264569
0
13248.9
149587
74286.2
16.078
122419
21615.7
0
162603
289247
58434.1
192745
300.725
41691.4
149.08
27120.3
101292
8813
83817.5
18683
47630.8
80959.3
61474.7
1720.96
206573
82241.7
264115
32377.4
38.031
23850
24083.3
31509.6
18880.1
0
1026.41
0
5861.8
64672.8
104910
317979
288.057
56999
84723.5
174801
82995.5
33286
66326.4
11765
0
10348.3
66814
297572
17853.4
3787.09
19884.2
20726.7
26491.7
101508
308146
2275.89
147431
9294.36
13159.9
80280
0
15023.7
125059
159312
282.916
236083
256529
