5477
5330
4625
4226
3601
5042
3845
4226
3845
5330
5185
3601
5626
5777
6242
3482
2501
3365
5042
4625
4226
3137
5185
3845
4097
3482
3722
5930
2810
5330
3845
5185
3970
3722
4625
4226
5042
4625
5330
3482
3722
4490
4357
4357
4762
5042
3845
4625
5042
4762
3845
10405
15877
12322
11665
11882
14642
13690
13226
12322
14885
11450
12770
12545
12545
13226
14642
11026
5930
6890
6890
8101
7570
8101
6562
7745
8282
9802
8101
8282
8465
6242
9802
6890
7397
10202
8465
8837
8837
8465
10405
9802
7745
13457
8650
10610
11450
8650
9410
9605
12322
8465
13457
10610
14162
13690
12545
13457
16130
15377
15626
15626
16901
14162
13690
12770
13457
10405
13457
13925
11026
12322
9605
10001
9605
10610
14162
11237
10405
12101
11882
13457
10202
10405
11026
10202
7397
5626
7745
9605
6085
7397
7057
7745
7397
7570
9410
9605
8465
9605
9217
9802
5930
12101
8650
9217
8650
8837
7745
9026
6890
6562
9605
10001
8101
7570
6890
8837
10001
7226
9026
8650
8837
11882
9410
11237
8650
8650
9605
10817
8650
9026
9217
7397
11882
7922
8282
12770
11026
12545
9217
12545
16385
15130
14401
12101
12770
13457
13226
13457
10610
15626
16901
12545
5042
5185
5477
6725
6562
7057
4357
5930
3601
5777
5330
6562
7057
5330
7226
6085
5626
10202
13226
9217
12770
10202
9026
12322
11450
8465
11026
12770
8101
12101
12770
9605
11237
9026
4097
5185
4357
4097
4490
4762
4357
4490
4357
5185
4901
5626
3722
5477
6242
4490
4762
10610
7397
8465
8650
8101
12101
8837
7397
11665
11450
10817
12101
8837
9410
10405
8650
12101
12322
10817
12322
10405
12322
14162
13226
11665
12101
12101
16642
11026
11882
11450
13457
13690
13690
9802
7570
8650
12322
8650
10817
12770
8837
11450
11450
10001
11882
9410
8465
10202
10405
11450
14162
14162
13226
17425
11450
13690
14401
10405
15130
10202
10817
14401
13457
16385
12997
12101
12770
11450
8650
9410
6562
11450
10202
10817
8837
9410
8837
9802
8650
10202
9026
10001
10610
9605
5626
5477
7397
5185
3970
5626
6562
4625
4357
4762
5626
4097
4762
4357
4226
3137
5185
7922
9217
7397
8465
8101
8101
6725
8465
8101
7057
8282
7922
9026
6890
7570
5930
8650
10610
11237
12545
16901
11665
10405
10202
12322
14642
11665
12770
10610
10001
12770
12997
13925
13690
9026
9410
10610
12770
10610
9802
11882
11026
10202
9410
12101
11450
12101
11450
12770
9605
11450
8101
9026
6242
5777
8101
8465
6085
9605
7226
10001
7570
9026
8837
7226
7057
8101
7745
13690
11237
11450
12322
11237
10817
10817
10202
12322
12322
12545
11237
9217
12322
10405
9026
9026
11665
11665
11237
8650
10001
8837
10405
9026
11026
11665
10405
12101
10817
8101
9217
10610
12770
9217
10202
8101
9605
9026
10610
10001
8837
12101
10405
10202
9026
10817
10405
10610
9026
10405
5477
5626
2810
4097
4490
6725
5930
5330
6562
5185
5330
7397
6562
5777
3845
4762
5477
4357
3845
3845
3250
4490
5042
3250
4357
3250
3137
3365
4226
3845
3970
3722
3601
4357
12101
11450
12770
11665
14162
12770
9802
9026
13690
9217
12101
11450
9410
9802
12322
14885
10405
17425
17425
15877
14162
15130
13690
14401
16385
14401
13226
14642
14401
16642
15626
12545
14885
14162
5930
5477
7745
7745
5777
7570
6562
6401
7057
6401
6242
6725
5626
4901
8650
4357
6890
9026
11665
9026
12101
10202
9410
11237
9605
10610
7570
9410
8650
7397
7922
10202
11237
6242
6242
6401
6890
7397
5626
7057
7745
5477
5626
6242
7570
6725
5330
5185
5477
5477
4625
40000
