6401
6401
9217
6242
5930
6085
6562
8282
6085
7057
7745
7745
6562
9026
7922
9605
8837
9026
5477
9026
10001
7922
9410
8465
7226
8101
11237
7745
7226
7570
4762
5626
6242
6725
6401
5185
6725
5626
4097
5626
7057
5930
6401
5626
4762
7922
4762
6562
6401
4625
4901
5185
5042
7057
4625
4490
6242
5477
5777
5185
7570
5930
8465
8837
8837
10202
8101
8650
8101
6562
8282
10405
7397
6401
7226
11026
10817
10001
10610
11665
13226
12101
14642
10001
12101
12322
12997
11882
14885
11450
7570
6401
6242
6242
7745
6242
9026
8837
11237
6562
9802
5626
7922
7226
9410
2810
2117
2602
2210
2705
2117
3365
3722
1937
1765
3026
3026
3365
2501
2026
7057
5330
7922
6085
6242
7226
4226
6890
5626
8282
7397
6725
7397
7570
7226
7397
6401
7397
7226
9605
8101
6890
5477
6085
8282
7745
7397
7057
8282
8465
8837
6562
6401
7745
6401
5626
7745
5930
7397
7922
5477
7397
6890
9605
9802
8282
6085
8650
9605
9605
11882
10001
10202
8465
10610
8282
10001
9410
8837
7397
7570
7057
7397
4357
5777
4490
5930
7570
5477
4490
7745
6401
7922
7397
5930
4097
4490
4762
4490
3250
3601
3250
3970
3482
3365
2602
4097
3970
3845
3970
2026
2810
2501
3365
3970
3137
3365
2705
3601
3137
3137
4097
2501
4625
3482
7226
9802
8650
6890
9802
7745
5777
6725
8650
7570
7057
7922
6401
6890
9217
4490
5626
7057
6242
5042
5777
6562
7226
6242
5777
6725
5626
6890
5477
6242
7570
6890
5330
5626
6562
6242
6242
5930
6890
7922
6401
6890
5185
7745
6085
9802
6242
7397
6562
7397
6242
6242
7226
6725
5042
6085
6890
7057
5930
5330
3722
5477
2501
4625
4490
3970
4490
5777
4762
4762
4097
4357
3365
4625
4097
5777
5930
4625
3482
5042
4490
3970
4226
3722
4226
5185
3482
5185
3137
3970
6725
4226
5930
2501
5930
5777
6242
5042
4490
5930
4097
5042
6242
5042
5777
9217
8465
8465
8282
10817
7570
6725
9410
7745
7922
7397
9217
8650
8837
8650
6890
6085
5330
7397
6562
5185
5477
5626
6725
5777
4762
7057
5777
6562
6242
5930
7570
6562
7922
6242
7570
7397
8282
6242
8650
7057
7570
7745
8282
7922
5777
4226
4625
4357
7057
7226
6562
6890
4625
7057
6401
5930
5930
6725
5777
3970
5042
3970
2705
4901
2917
2602
2917
3970
3137
3601
3250
4490
4357
3970
6725
8650
8650
7226
6085
7570
7922
7570
8837
6562
7057
4226
7922
6242
7057
8650
6562
6562
8837
6725
7922
5930
6890
8282
6242
9217
7397
7745
6562
8282
4490
5477
4625
4490
5042
5185
3365
5477
5930
5185
4490
7057
5626
5042
5777
40000
