81
81
97
80
78
79
82
92
79
85
89
89
82
96
90
99
95
96
75
96
101
90
98
93
86
91
107
89
86
88
70
76
80
83
81
73
83
76
65
76
85
78
81
76
70
90
70
82
81
69
71
73
72
85
69
68
80
75
77
73
88
78
93
95
95
102
91
94
91
82
92
103
87
81
86
106
105
101
104
109
116
111
122
101
111
112
115
110
123
108
88
81
80
80
89
80
96
95
107
82
100
76
90
86
98
54
47
52
48
53
47
59
62
45
43
56
56
59
51
46
85
74
90
79
80
86
66
84
76
92
87
83
87
88
86
87
81
87
86
99
91
84
75
79
92
89
87
85
92
93
95
82
81
89
81
76
89
78
87
90
75
87
84
99
100
92
79
94
99
99
110
101
102
93
104
92
101
98
95
87
88
85
87
67
77
68
78
88
75
68
89
81
90
87
78
65
68
70
68
58
61
58
64
60
59
52
65
64
63
64
46
54
51
59
64
57
59
53
61
57
57
65
51
69
60
86
100
94
84
100
89
77
83
94
88
85
90
81
84
97
68
76
85
80
72
77
82
86
80
77
83
76
84
75
80
88
84
74
76
82
80
80
78
84
90
81
84
73
89
79
100
80
87
82
87
80
80
86
83
72
79
84
85
78
74
62
75
51
69
68
64
68
77
70
70
65
67
59
69
65
77
78
69
60
72
68
64
66
62
66
73
60
73
57
64
83
66
78
51
78
77
80
72
68
78
65
72
80
72
77
97
93
93
92
105
88
83
98
89
90
87
97
94
95
94
84
79
74
87
82
73
75
76
83
77
70
85
77
82
80
78
88
82
90
80
88
87
92
80
94
85
88
89
92
90
77
66
69
67
85
86
82
84
69
85
81
78
78
83
77
64
72
64
53
71
55
52
55
64
57
61
58
68
67
64
83
94
94
86
79
88
90
88
95
82
85
66
90
80
85
94
82
82
95
83
90
78
84
92
80
97
87
89
82
92
68
75
69
68
72
73
59
75
78
73
68
85
76
72
77
500
