77569.3
3855.76
63001.3
4299.1
119852
2009.86
262832
124430
294922
9327.44
259627
55796.1
13603.2
29414.4
8221.91
14460.6
36719.5
64851.2
4570.28
17121.3
119688
4369.07
113680
4283.83
7413.16
228306
7274.52
7474.93
20178.5
3087.45
3212.52
183275
1774.14
27355.6
12881.8
223009
8852.02
8.24307
17715.5
112007
10194.2
6611.34
56396.5
25372.3
94675.4
9051.89
231085
177977
120519
3365.14
172522
4474.1
10145.3
170977
4123.1
7982.09
9439.41
17176.6
29593.1
131967
58773.8
175039
259595
15014.8
43432.5
306049
200471
4304.83
165672
78714.2
4893.47
4508.56
92860.4
128298
246619
14598.5
138561
5818.38
43688.8
322835
18114.1
13242
295377
166146
162540
34409.5
4186.69
8.12224
119581
68049.2
9251.24
5876.53
60445.5
104624
48511.4
33488.6
71251.6
214241
100721
14798.8
5746.35
25752.4
1056.5
90721.2
4562.18
260689
4033.36
82525.2
92167.9
2882.47
19429.9
22632.6
79684.2
97105.6
2890.71
3300.9
119183
63551.2
4292.18
138953
8487.1
10440.5
61360.6
107805
6145.55
53874.5
86699.7
17367.1
315888
20239
65364.7
292084
12098.3
180118
39309
89374.1
7031.55
309098
1872.07
14455.8
161144
300060
79115.4
300207
6089.5
26348.2
73439.1
156304
205039
6930.86
271955
52444.3
213565
121530
4958.07
30411.8
211063
22916.7
122345
163053
106994
15550.9
208402
89023.9
81683.9
23445.2
6776.22
268438
280065
221348
231177
104870
238729
15176.7
319050
82304.6
252148
1096.9
27196.2
178278
192002
58291.3
4686.31
272263
57122.9
106227
270630
293814
9562.15
6292.34
182341
149966
274245
96027.7
206054
9730.72
19032.6
261780
186929
244919
24809.9
6010.55
186583
320772
21999.9
3686.45
243581
110084
1044.95
283906
287324
165005
88150.3
69538
21499.8
172693
5454.36
88238
77594.3
6031.37
70421.2
1279.93
269749
198608
3062.16
2889.51
276708
16757.1
6458.74
161306
70597.3
118316
256191
136757
2273.53
257456
9657.97
265489
24287.2
3319.77
125352
31870.6
18006.5
116338
98814.9
3604.65
3371.94
9124.35
313863
220262
53197.5
103772
84107.1
296816
34527.5
9129.19
2897.21
93967.6
254178
89041
109003
204887
14392.7
115614
13222.9
284662
13420
48084.5
5402.99
318602
21235.9
4232.58
8090.47
193412
3230.1
14851.9
108959
3985.48
221749
56075.7
40338.6
13059.4
56905.4
0
125696
88208.3
63402.4
186011
74735.5
118553
4027.7
273344
3464.21
9677.63
263663
23537.5
35669.4
15094.6
24064.9
14255.7
3242.65
3445.93
162387
317107
9032.98
45246.1
17675.9
7289.81
3778.04
80839
199262
2329.66
74179.5
39187.8
6231.64
11868.4
48555.9
278653
2117.99
44879
35353.6
2488.56
69743.7
2101.26
104.054
4005.25
143288
40179.8
226049
206847
18964.9
75974.6
219974
6211.14
64956.4
42090
14294.7
141036
96445
22996.4
3257.4
76902.6
46011.8
3910.86
225807
6461.25
282527
38101.6
143765
162575
3713.69
78440.5
10587.7
103158
162485
117293
19351.9
267796
266380
175014
90480.7
108617
9331.62
27462.2
88451.1
14012.5
191845
45942.8
90599.4
64074.7
33700
3751.8
317928
10689.8
20205.1
4130.58
109895
5109.01
14614
260043
240406
89091.9
14441.5
35794
21099.2
96408
24917.2
127659
21941.1
31665.8
9656.76
208148
3923.83
55734.4
152978
64386
262660
3624.16
3748.45
38416.9
202139
20792.4
37046.1
26156.7
4491.8
6462.88
3713.49
265148
153468
8711.64
8357.57
10817.4
43229.2
66949.6
90487.2
2952.79
3354.82
25090.8
12413
4593
139967
171039
20126.4
21968.7
26333.5
