778.545
668.453
796.571
278.39
803.446
82.6158
1000
1000
843.648
247.755
967.368
904.436
331.903
384.876
518.941
603.237
676
673.347
387.69
322.336
1000
137.478
677.317
211.578
416.271
1000
458.375
404.681
341.38
262.97
237.2
952.775
83.2037
567.236
575.814
662.52
535.238
6.34523
334.589
852.43
454.162
367.346
661.34
340.027
808.53
346.289
984.401
1000
846.97
336.488
1000
185.184
390.941
1000
282.623
380.772
296.329
500.093
686.383
853.806
725.01
908.982
1000
447.992
639.812
1000
1000
229.298
849.755
851.017
436.605
410.982
681.761
916.197
896.258
682.085
933.858
155.467
700.277
1000
377.061
532.329
1000
929.414
1000
662.823
310.236
25.3885
1000
1000
474.043
668.895
654.706
920.711
843.23
323.874
768.973
1000
788.58
604.996
338.215
532.836
204.825
1000
317.534
994.29
294.994
853.216
839.051
372.804
423.492
538.383
677.663
794.78
111.623
428.214
825.169
750.676
133.428
652.224
376.469
255.923
775.736
810.283
547.544
608.896
830.467
315.502
1000
613.047
1000
1000
310.647
1000
614.801
854.62
328.809
1000
153.873
598.405
934.218
1000
721.026
1000
402.711
632.592
661.156
719.309
963.057
158.16
1000
970.96
1000
838.833
242.273
670.185
1000
399.836
1000
843.875
662.257
442.683
1000
729.997
831.961
340.889
463.092
1000
1000
1000
1000
854.689
1000
498.586
1000
914.204
1000
202.528
564.142
1000
1000
702.535
613.559
1000
652.131
837.079
1000
1000
489.215
426.904
988.723
942.161
959.19
1000
1000
320.211
546.652
1000
880.216
1000
661.668
402.053
949.96
1000
674.256
262.651
1000
1000
349.153
1000
986.643
928.973
836.881
723.188
560.597
855.993
233
797.71
697.057
252.279
805.984
63.0813
1000
977.05
110.889
437.715
940.901
291.584
290.329
1000
777.696
644.664
1000
868.25
160.493
1000
384.993
1000
376.105
401.029
952.134
534.095
483.125
863.168
772.196
211.473
245.828
266.001
1000
1000
661.156
695.804
763.434
1000
641.047
524.423
264.44
873.15
1000
927.395
661.803
898.025
660.27
743.192
491.01
1000
521.717
773.013
284.515
1000
470.876
439.261
240.012
874.578
177.559
661.156
815.227
312.085
1000
1000
639.325
661.142
947.196
154.003
1000
929.702
806.412
962.796
792.011
1000
372.048
1000
281.061
476.678
1000
552.142
682.639
456.302
571.105
366.193
136.668
543.339
997.632
1000
531.818
639.786
392.274
393.769
281.258
731.911
1000
619.879
799.961
600.726
212.228
208.653
768.01
1000
661.156
805.874
822.313
110.043
679.039
198.986
23.8911
172.783
981.444
623.918
1000
848.99
446.662
942.506
879.839
391.334
800.151
634.964
676.01
981.727
717.952
513.018
371.146
904.652
1000
414.266
858.154
304.527
1000
612.224
1000
768.493
343.982
657.087
193.828
762.965
983.759
864.159
457.667
996.679
1000
1000
766.998
681.134
414.388
676.741
822.619
670.859
766.23
767.12
822.804
817.826
635.613
189.765
1000
278.345
632.828
308.477
678.817
572.533
671.679
1000
1000
1000
331.67
421.339
654.251
1000
545.053
1000
675.371
594.125
241.277
1000
321.339
658.662
939.027
742.808
1000
494.143
385.017
747.747
1000
658.204
676.119
635.065
733.792
375.465
291.674
1000
969.601
211.446
662.649
450.148
696.704
788.992
701.962
151.343
191.729
588.825
505.856
347.229
961.844
923.804
770.21
680.372
939.926
7083.33
