98.1759
600.267
367.999
499.272
814.565
1000
505.033
925.414
725.258
351.518
596.009
120.38
1000
850.697
125.064
240.118
868.923
332.717
580.645
906.508
790.821
23.7638
888.25
55.689
607.165
184.448
588.479
739.983
123.781
820.318
985.51
181.239
1000
973.187
1000
759.873
397.607
711.625
932.931
722.966
297.641
1000
584.54
379.907
898.032
0.415318
886.203
650.077
1000
170.265
980.44
289.004
342.993
561.225
129.873
634.806
567.943
645.165
968.049
718.808
824.592
117.059
820.336
1000
998.433
923.557
248.963
784.426
592.408
943.318
556.845
468.213
185.165
591.831
968.009
101.492
747.305
999.751
554.708
586.817
528.432
1000
552.144
871.414
995.171
843.576
586.757
227.148
206.368
1000
580.645
767.691
1000
566.485
471.302
673.709
172.563
447.602
435.453
541.54
1000
584.223
363.565
117.597
434.484
885.826
560.635
575.34
204.611
625.961
448.729
998.737
560.882
15.8036
633.724
635.243
835.373
724.816
512.728
270.069
881.799
71.6931
435.92
798.924
202.066
310.987
830.177
1000
1000
709.175
424.202
870.179
690.728
726.282
701.152
584.814
116.529
999.479
852.484
582.972
425.244
515.477
132.829
75.9003
824.262
306.54
323.377
921.808
399.516
973.336
684.949
1000
857.817
439.211
770.151
426.693
579.969
878.507
531.744
754.621
580.732
863.09
830.548
773.604
127.157
311.345
763.399
404.244
570.961
63.855
60.0346
432.648
1000
233.02
580.645
104.212
419.251
206.127
273.806
783.43
319.892
1000
407.772
154.82
913.017
896.203
126.4
591.604
467.785
71.1998
15.2499
465.307
726.147
706.982
13.3636
388.101
970.777
801.305
153.789
195.925
861.103
216.143
210.969
967.901
320.314
1000
623.988
421.337
356.008
574.87
895.351
655.942
727.813
116.067
435.989
567.018
1000
129.624
181.264
592.158
274.715
1000
517.362
349.866
576.118
605.431
302.828
315.95
529.129
130.88
803.521
87.6436
165.004
417.668
37.8797
42.5747
994.283
342.399
439.556
566.432
716.137
595.563
924.639
323.671
333.416
944.084
852.641
674.756
730.313
1000
893.488
647.424
836.143
1000
1000
593.56
191.701
850.773
446.51
321.811
392.415
580.645
335.829
995.431
658.002
550.509
938.499
1000
1000
998.398
150.018
253.647
833.389
582.482
853.051
1000
882.135
801.599
993.074
946.874
80.2994
818.634
844.534
1000
212.441
698.152
133.53
718.062
123.467
1000
121.046
702.298
277.5
990.399
654.408
645.8
1000
387.32
567.74
595.916
321.792
302.061
497.338
887.308
829.352
449.659
614.871
1000
148.02
390.42
209.638
772.854
999.253
735.356
437.921
881.759
668.339
338.759
309.663
564.522
474.611
861.938
697.449
893.34
592.355
100.531
1000
233.956
135.703
343.921
584.218
137.355
229.578
415.695
118.009
732.759
972.763
244.889
1000
789.03
335.551
311.804
574.391
507.133
223.223
328.275
578.264
576.624
170.872
31.7342
631.418
746.53
429.975
137.924
1000
610.771
55.3283
444.172
958.79
1000
999.759
589.364
603.513
124.546
456.143
884.692
931.164
1000
600.046
1000
765.436
614.807
540.76
974.157
679.026
834.777
307.317
956.231
664.435
294.677
959.174
107.055
854.944
892.157
978.762
529.405
578.405
60.1285
338.005
929.003
786.288
15.4467
1000
79.6162
567.477
1000
991.527
835.727
378.313
375.373
328.674
515.282
602.581
343.483
388.779
526.622
997.704
969.186
991.943
581.894
423.884
130.495
992.085
133.22
955.144
840.431
428.495
515.309
702.421
162.905
139.052
1000
46.4501
312.186
1000
998.779
566.203
393.189
254.478
299.784
99.5893
164.277
696.039
996.218
224.813
278.846
1000
556.408
1000
815.689
975.86
804.757
166.856
597.675
24.8345
999.892
845.394
349.567
278.912
154.803
377.942
261.819
1000
453.636
413.5
981.34
907.438
1000
876.085
994.365
505.962
757.166
494.893
1000
201.344
564.531
209.065
576.819
842.391
771.342
669.681
854.504
955.664
596.937
325.182
512.28
563.267
536.23
891.9
1000
347.417
69.5605
358.224
799.552
732.1
1000
1000
582.901
577.896
517.217
600.825
572.806
599.472
680.164
612.555
910.476
303.479
44.2378
183.889
181.007
379.625
201.626
735.045
558.598
785.952
570.846
621.699
535.529
392.438
1000
976.069
839.872
675.899
1000
269.99
737.67
319.382
564.571
582.817
209.425
834.142
141.833
214.038
864.978
60.5142
338.471
415.536
897.666
249.954
713.143
859.573
162.27
684.247
590.794
175.595
555.896
442.972
174.763
868.805
1000
203.021
1000
285.91
580.645
195.902
766.766
454.46
1000
668.051
55.4794
502.218
924.296
275.301
536.804
670.39
477.21
972.865
380.738
129.34
1000
580.86
964.233
841.983
1000
665.953
110.374
161.405
1000
603.605
358.687
421.952
539.872
137.462
1000
526.32
1000
800.429
202.545
718.685
954.851
738.258
916.411
188.514
953.605
736.777
1000
128.498
361.91
797.419
255.118
93.4879
754.37
193.95
598.422
866.222
304.982
526.3
449.863
616.029
511.396
904.372
433.722
812.094
418.427
1000
794.748
138.303
640.737
491.847
567.537
972.726
963.89
1000
968.071
1000
10250
