1071.32
103426
477.674
13981.8
161398
252278
18334.2
225809
149472
5465.29
110144
325.427
194804
148287
3671.57
840.64
166254
1035.28
34836.8
222978
89050.5
178.413
216450
420.866
87.5908
846.289
31661.4
109643
72.155
124487
317525
384.312
242883
292606
261811
137783
170.104
70151.4
225883
136842
68.7064
212014
38126.8
18870.2
179157
0
144254
83979.9
291635
1202.36
218939
19521.8
13653.9
51457.1
480.167
27313.7
29372.4
33530.2
209781
166002
127313
256.556
135685
58997.9
288534
254878
1953.03
100006
20248.3
122578
25842.9
7005.76
541.627
96236.1
188627
170.671
121615
282974
23252.1
61732.3
201.644
246659
37510.8
216042
206889
109619
45474.3
612.132
183.369
224206
17437.9
189210
252912
33348.1
2226.61
87178
469.907
33075.9
1170.6
34871.8
255143
108000
6032.68
302.064
4171.36
143959
32494.4
45438.4
0
91038.1
28503.4
249809
66479.9
28.8913
64388
61878.8
147692
264703
35523.4
1154.81
152757
349.455
15379.5
147814
246.847
1039.52
121566
253125
297756
24063.9
6391.57
185903
53060.8
71295.6
64392.2
27466.1
832.744
313619
227316
84172.1
13033.7
34790.4
272.399
1866.08
278754
9788.78
8398.59
70863.9
18834.9
184244
61996
291171
156019
12784.5
147311
13857.7
37409.7
167817
46786.1
73709.4
24229.8
172673
121492
132946
606.391
3434.75
73106
18879.8
83379.4
377.581
585.665
17996
273780
333.942
3074.35
496.254
23196
1420.61
1840.46
151206
6653.13
79242.3
12406.1
151.709
68727.8
212930
663.074
27043.1
11267
199.152
22.4325
29863
98363.1
61049.3
54.6007
11936.1
84619.5
101187
351.678
208.761
143954
258.437
436.369
248747
2106.9
297805
65680.9
22120.7
434.005
60819.5
218715
39628.9
150793
509.955
14534.7
40505.3
118303
492.335
819.252
42937.7
18868
304155
21531.7
2712.9
39290.3
47730.4
5923.12
6324.51
20299.9
503.875
245127
382.723
203.31
667.199
128.494
436.751
271086
5523.39
59178.5
39667
107424
40131.8
189184
8688.27
24620.6
245608
125975
68377.9
126263
202928
44174.3
36868.6
147228
301052
249379
109438
3366.25
163672
9385.11
6652.56
4348.56
14539.5
4618.72
245548
58701.7
22383.9
178873
268658
313539
287561
4078.66
786.174
134854
5196.63
152554
301983
143197
171515
274134
241129
240.522
172265
128052
243730
229.525
138420
695.704
123458
224.297
65154.9
282.493
76982.1
0
140754
44838.7
67351.3
276784
431.011
40754.1
49582.7
14510.9
7033.54
38701.7
186210
134678
16993.5
61436.7
281567
1445.7
6657.28
1919.69
135013
215109
63551.9
4651.39
149048
99969.3
3420.07
3418.67
30240.7
15551.7
246966
60585.9
176557
85312.3
1971.44
291083
5716.35
331.653
5309.25
31514.6
839.716
11287.1
5798.96
1104.68
125929
139328
16678.9
290743
93385.6
9027.04
2576.72
70472.5
15362
2216.88
1026.92
11332.3
56762.3
1207.37
254.773
48627.4
53828.2
7804.61
222.95
311804
83541.1
518.505
29531
149741
144677
264722
109389
38112.5
523.736
20099.5
153315
54758.5
162133
37582.5
213545
125614
50391.3
17315.6
255525
86297.3
165428
7683.15
162092
90510.6
4559.64
236742
2878.54
212573
200868
305039
35426.6
64413.7
303.15
5758.73
232231
125151
76.1785
233192
215.605
33475.5
324018
280256
155447
25754.4
4123.83
8136.48
21869.9
28773
14937.2
11117
42539.2
297602
105990
271124
100314
16310.1
508.882
272588
414.219
199748
193279
439.88
18696.4
52548.2
288.938
310.809
140430
274.543
1030.77
226571
214430
19858.6
36380
3290.42
7844.41
1023.66
116.383
17692.7
307684
7167.79
2539.89
262656
22620.3
273753
287006
186193
186561
2981.3
48124.3
174.083
252283
235203
2514.04
1044.03
1363.6
2637.17
13596.5
220596
21011.2
5451.12
231685
166042
238264
159601
58422
21471.1
86218.2
25372
294926
4763.01
761.804
763.622
33169.4
135334
98708.3
140600
189866
174619
63447.6
4891.89
56130.9
19433.4
53796
17952.5
288563
18174
711.768
4757.1
143684
97315.1
203678
172362
24386.5
700.056
16764.4
36467.3
63039.8
146715
56468.5
64972.2
49140.1
2252.04
105.762
1408.28
3804.01
7138.78
264.311
89227.4
14760.3
129302
48484.2
114784
31533.8
22345.6
304642
227314
104168
44065.7
176464
3602.63
61106.1
19291.2
11023.7
19917.6
293.069
116475
738.908
461.374
184795
346.012
4342.79
21689.4
211744
1261.4
73887.9
128076
790.584
60976.2
60022.4
190.439
22093
22595.2
200.487
187003
130231
365.62
239922
386.104
29105.2
342.957
158088
15733.4
218063
129838
243.48
34511.6
239588
1897.29
48837.5
83734.6
1023.92
87741.8
13267.9
689.724
193106
74464.1
253318
185092
306747
42750.3
79.4663
1809.38
211026
50692.6
17297.7
18054.2
20307
762.59
318596
21668.8
278316
167927
789.694
66227.3
210811
96061.4
235433
935.166
47784
79281.1
306587
458.893
5661.21
161727
4001.78
185.927
94531.1
6205.42
58127.7
60527.3
728.709
25330.9
14370.1
39060
29547.1
256098
281.462
139459
18175.6
277499
114396
1025.2
122639
12923.9
24924.2
267668
212502
221239
204715
234850
