  4.8857678586147368e-001 -8.7252090193718101e-001
 -8.7252090193718068e-001 -4.8857678586147391e-001
 -1.2892109430437526e-001  9.9165485499913830e-001
 -9.9165485499913852e-001 -1.2892109430437659e-001
 -9.1232498412397089e-001 -4.0946687697931505e-001
  4.0946687697931688e-001 -9.1232498412397289e-001
  3.0049806935267231e-001  9.5378242294315541e-001
 -9.5378242294315541e-001  3.0049806935267265e-001
  9.9330254114933614e-001 -1.1554246728485405e-001
  1.1554246728485426e-001  9.9330254114933592e-001
  3.0845077112075053e-001 -9.5124030707020313e-001
 -9.5124030707020313e-001 -3.0845077112075042e-001
  7.0197294182904391e-001  7.1220361480399486e-001
  7.1220361480399519e-001 -7.0197294182904413e-001
  7.1091793120858304e-001  7.0327497828808649e-001
 -7.0327497828808661e-001  7.1091793120858271e-001
 -5.9689416020419117e-001 -8.0231998698407947e-001
  8.0231998698407936e-001 -5.9689416020419128e-001
 -6.2654614472900594e-001  7.7938432658427215e-001
  7.7938432658427226e-001  6.2654614472900594e-001
