 -1.3475894174848977e+000  7.8736649280432847e-001  0.0000000000000000e+000  1.7281033429547180e-001  0.0000000000000000e+000  0.0000000000000000e+000  0.0000000000000000e+000  0.0000000000000000e+000  0.0000000000000000e+000  0.0000000000000000e+000
  1.6687007395591602e-001  1.6852663715174885e+000  0.0000000000000000e+000  3.4730857587109065e-001  0.0000000000000000e+000  0.0000000000000000e+000  0.0000000000000000e+000  0.0000000000000000e+000  0.0000000000000000e+000  0.0000000000000000e+000
  0.0000000000000000e+000  0.0000000000000000e+000  5.8501848902568154e-002  0.0000000000000000e+000  1.1510977880680642e-001 -2.9500961929038422e-002  0.0000000000000000e+000  9.9118967193130625e-001  0.0000000000000000e+000  0.0000000000000000e+000
  7.1111745682612831e-003 -4.6388693559307892e-001  0.0000000000000000e+000  9.4411843181312827e-001  0.0000000000000000e+000  0.0000000000000000e+000  0.0000000000000000e+000  0.0000000000000000e+000  0.0000000000000000e+000  0.0000000000000000e+000
  0.0000000000000000e+000  0.0000000000000000e+000 -6.5303573569580742e-001  0.0000000000000000e+000 -2.5400250198989960e-001  7.0787460585522433e-001  0.0000000000000000e+000  8.9110040244725505e-002  0.0000000000000000e+000  0.0000000000000000e+000
  0.0000000000000000e+000  0.0000000000000000e+000  4.3320053168529923e-002  0.0000000000000000e+000 -9.4430348311545598e-001 -3.1119205358513580e-001  0.0000000000000000e+000  9.7845850984905058e-002  0.0000000000000000e+000  0.0000000000000000e+000
  0.0000000000000000e+000  0.0000000000000000e+000  0.0000000000000000e+000  0.0000000000000000e+000  0.0000000000000000e+000  0.0000000000000000e+000 -7.9403027564512829e-001  0.0000000000000000e+000 -4.5495467747065738e-001 -4.0315277849283376e-001
  0.0000000000000000e+000  0.0000000000000000e+000 -7.5382042594552490e-001  0.0000000000000000e+000  1.7470947192964872e-001 -6.3340566891687855e-001  0.0000000000000000e+000  5.3501803084488042e-003  0.0000000000000000e+000  0.0000000000000000e+000
  0.0000000000000000e+000  0.0000000000000000e+000  0.0000000000000000e+000  0.0000000000000000e+000  0.0000000000000000e+000  0.0000000000000000e+000  6.0582037633602126e-001  0.0000000000000000e+000 -6.4679000182716129e-001 -4.6329727514038166e-001
  0.0000000000000000e+000  0.0000000000000000e+000  0.0000000000000000e+000  0.0000000000000000e+000  0.0000000000000000e+000  0.0000000000000000e+000  4.9975923953477996e-002  0.0000000000000000e+000  6.1211023107279483e-001 -7.8919165735644081e-001
  7.9423280673819086e-001  0.0000000000000000e+000  0.0000000000000000e+000  0.0000000000000000e+000  0.0000000000000000e+000  3.4766683931523734e-001 -5.9883477998699475e-002  0.0000000000000000e+000 -4.9470798114049896e-001  0.0000000000000000e+000
  0.0000000000000000e+000  3.5184011725177861e-001  0.0000000000000000e+000 -9.3590298012683637e-001 -1.7150617538771507e-002  0.0000000000000000e+000  0.0000000000000000e+000  0.0000000000000000e+000  0.0000000000000000e+000  0.0000000000000000e+000
  0.0000000000000000e+000  0.0000000000000000e+000 -4.3582255052060503e-001  0.0000000000000000e+000  0.0000000000000000e+000  0.0000000000000000e+000  0.0000000000000000e+000  9.0227571125664441e-001  0.0000000000000000e+000  6.4355585320817899e-001
  0.0000000000000000e+000 -1.0890810343408655e-001  0.0000000000000000e+000 -2.2731090400061188e-002 -9.9379189095887399e-001  0.0000000000000000e+000  0.0000000000000000e+000  0.0000000000000000e+000  0.0000000000000000e+000  0.0000000000000000e+000
  0.0000000000000000e+000 -9.2970294013660348e-001  0.0000000000000000e+000 -3.5152369666770805e-001  1.0992512807554172e-001  0.0000000000000000e+000  0.0000000000000000e+000  0.0000000000000000e+000  0.0000000000000000e+000  0.0000000000000000e+000
  4.0993582060990763e-001  0.0000000000000000e+000  0.0000000000000000e+000  0.0000000000000000e+000  0.0000000000000000e+000  2.8242098910697611e-001 -6.6875131829361778e-002  0.0000000000000000e+000  8.6470730576046584e-001  0.0000000000000000e+000
  1.8111400659125515e-001  0.0000000000000000e+000  0.0000000000000000e+000  0.0000000000000000e+000  0.0000000000000000e+000 -5.2597982909032281e-001 -8.3070620807268514e-001  0.0000000000000000e+000  2.1682524670303460e-002  0.0000000000000000e+000
  0.0000000000000000e+000  0.0000000000000000e+000 -1.1561965234588973e+000  0.0000000000000000e+000  0.0000000000000000e+000  0.0000000000000000e+000  0.0000000000000000e+000 -5.0715048967321641e-001  0.0000000000000000e+000 -1.4496299567802693e+000
 -4.1029816999119045e-001  0.0000000000000000e+000  0.0000000000000000e+000  0.0000000000000000e+000  0.0000000000000000e+000  7.2298780981597832e-001 -5.4942595649922255e-001  0.0000000000000000e+000 -8.4113951781435575e-002  0.0000000000000000e+000
  0.0000000000000000e+000  0.0000000000000000e+000  4.8086291938597198e-001  0.0000000000000000e+000  0.0000000000000000e+000  0.0000000000000000e+000  0.0000000000000000e+000  6.3405173695281891e-001  0.0000000000000000e+000 -6.1069017545957227e-001
 -8.7464364879850287e-001  0.0000000000000000e+000  1.1142680025421814e+000  0.0000000000000000e+000 -5.8169719258782038e-001  0.0000000000000000e+000  0.0000000000000000e+000  0.0000000000000000e+000  0.0000000000000000e+000  0.0000000000000000e+000
  0.0000000000000000e+000 -4.6100412968427906e-001  0.0000000000000000e+000  0.0000000000000000e+000  0.0000000000000000e+000  0.0000000000000000e+000  0.0000000000000000e+000 -1.0463748316728227e-001  0.0000000000000000e+000  8.8120723415690194e-001
 -2.8244337760092941e-002  0.0000000000000000e+000 -6.9273978604950692e-001  0.0000000000000000e+000 -1.4167199963895156e+000  0.0000000000000000e+000  0.0000000000000000e+000  0.0000000000000000e+000  0.0000000000000000e+000  0.0000000000000000e+000
  0.0000000000000000e+000  0.0000000000000000e+000  0.0000000000000000e+000 -5.4235355128150786e-001  0.0000000000000000e+000  6.4754199740977758e-001  9.6012124832485335e-002  0.0000000000000000e+000  5.2661528546752578e-001  0.0000000000000000e+000
  5.2620993185967824e-001  0.0000000000000000e+000  1.4385377622956770e+000  0.0000000000000000e+000 -5.7180841134995530e-001  0.0000000000000000e+000  0.0000000000000000e+000  0.0000000000000000e+000  0.0000000000000000e+000  0.0000000000000000e+000
  0.0000000000000000e+000  0.0000000000000000e+000  0.0000000000000000e+000  1.5233466030267964e-001  0.0000000000000000e+000 -3.0519052538035990e-001 -6.7418710888352584e-001  0.0000000000000000e+000  6.5507605413707570e-001  0.0000000000000000e+000
  0.0000000000000000e+000  0.0000000000000000e+000  0.0000000000000000e+000 -4.3605990943850242e-001  0.0000000000000000e+000 -6.8368207179345464e-001  5.0243645043559226e-001  0.0000000000000000e+000  2.9998032162523086e-001  0.0000000000000000e+000
  0.0000000000000000e+000 -6.6095886267304704e-001  0.0000000000000000e+000  0.0000000000000000e+000  0.0000000000000000e+000  0.0000000000000000e+000  0.0000000000000000e+000  7.0308984697311772e-001  0.0000000000000000e+000 -2.6229382176725108e-001
  0.0000000000000000e+000  0.0000000000000000e+000  0.0000000000000000e+000  7.0178239651852847e-001  0.0000000000000000e+000  1.4186941008133083e-001  5.3273917386851377e-001  0.0000000000000000e+000  4.5118013148384484e-001  0.0000000000000000e+000
  0.0000000000000000e+000  5.9212209405492766e-001  0.0000000000000000e+000  0.0000000000000000e+000  0.0000000000000000e+000  0.0000000000000000e+000  0.0000000000000000e+000  7.0336026629298209e-001  0.0000000000000000e+000  3.9328839486091166e-001
 -1.7620329424709580e-001  0.0000000000000000e+000  0.0000000000000000e+000  0.0000000000000000e+000  7.6438690357867400e-001  0.0000000000000000e+000  0.0000000000000000e+000  5.1030676788997054e-001 -3.5249406148128287e-001  0.0000000000000000e+000
  0.0000000000000000e+000  4.4111841333948637e-001  0.0000000000000000e+000  0.0000000000000000e+000  0.0000000000000000e+000  0.0000000000000000e+000  1.4097450257077015e-001  0.0000000000000000e+000  0.0000000000000000e+000 -1.0031957507229239e+000
  0.0000000000000000e+000  0.0000000000000000e+000 -6.2764388413619376e-001  7.3518779476743346e-001  0.0000000000000000e+000  2.5605089558802585e-001  0.0000000000000000e+000  0.0000000000000000e+000  0.0000000000000000e+000  0.0000000000000000e+000
  0.0000000000000000e+000  0.0000000000000000e+000  5.7886729690786831e-001  6.6065464270814500e-001  0.0000000000000000e+000 -4.7796244166121582e-001  0.0000000000000000e+000  0.0000000000000000e+000  0.0000000000000000e+000  0.0000000000000000e+000
  3.0553639778283836e-001  0.0000000000000000e+000  0.0000000000000000e+000  0.0000000000000000e+000  3.7202084723492856e-001  0.0000000000000000e+000  0.0000000000000000e+000  1.4531134003044421e-001  8.6436833196910290e-001  0.0000000000000000e+000
  0.0000000000000000e+000  0.0000000000000000e+000  5.2055336640637528e-001  1.5177071355558491e-001  0.0000000000000000e+000  8.4023201749863041e-001  0.0000000000000000e+000  0.0000000000000000e+000  0.0000000000000000e+000  0.0000000000000000e+000
  0.0000000000000000e+000  6.6879926451084426e-001  0.0000000000000000e+000  0.0000000000000000e+000  0.0000000000000000e+000  0.0000000000000000e+000 -1.6897905247715039e+000  0.0000000000000000e+000  0.0000000000000000e+000 -6.8334662704715776e-001
  7.6966148248746546e-001  0.0000000000000000e+000  0.0000000000000000e+000  0.0000000000000000e+000  3.1770440334546862e-001  0.0000000000000000e+000  0.0000000000000000e+000 -4.4126820172347753e-001 -3.3461543392052873e-001  0.0000000000000000e+000
 -5.3218522255090472e-001  0.0000000000000000e+000  0.0000000000000000e+000  0.0000000000000000e+000  4.1997269310624669e-001  0.0000000000000000e+000  0.0000000000000000e+000 -7.2370849881148747e-001  1.2902648833303781e-001  0.0000000000000000e+000
  0.0000000000000000e+000  8.7457307668574802e-001  0.0000000000000000e+000  0.0000000000000000e+000  0.0000000000000000e+000  0.0000000000000000e+000  2.8419923150474741e-001  0.0000000000000000e+000  0.0000000000000000e+000  5.4735974156873191e-001
  7.9020941185754479e-001  0.0000000000000000e+000  0.0000000000000000e+000  0.0000000000000000e+000 -1.2751922671765792e+000  0.0000000000000000e+000  0.0000000000000000e+000  2.5288641155494018e-001  0.0000000000000000e+000  0.0000000000000000e+000
  0.0000000000000000e+000 -7.6351327840562022e-001  1.1302565066834722e-001  6.3582440656937611e-001  0.0000000000000000e+000  0.0000000000000000e+000  0.0000000000000000e+000  0.0000000000000000e+000  0.0000000000000000e+000  0.0000000000000000e+000
  0.0000000000000000e+000  1.5266979611837516e-002  9.8744904043996562e-001 -1.5719832018098356e-001  0.0000000000000000e+000  0.0000000000000000e+000  0.0000000000000000e+000  0.0000000000000000e+000  0.0000000000000000e+000  0.0000000000000000e+000
  0.0000000000000000e+000  6.4561164257766768e-001  1.1031588654943594e-001  7.5565601442916952e-001  0.0000000000000000e+000  0.0000000000000000e+000  0.0000000000000000e+000  0.0000000000000000e+000  0.0000000000000000e+000  0.0000000000000000e+000
 -5.6843808760786041e-001  0.0000000000000000e+000  0.0000000000000000e+000  0.0000000000000000e+000  3.4974597068707292e-001  0.0000000000000000e+000  0.0000000000000000e+000 -1.3201979578920571e+000  0.0000000000000000e+000  0.0000000000000000e+000
  0.0000000000000000e+000  0.0000000000000000e+000  0.0000000000000000e+000  0.0000000000000000e+000  0.0000000000000000e+000  6.7661219063303890e-001 -1.6499149559395174e-001  0.0000000000000000e+000 -5.7073042382387995e-001  4.3501785387526970e-001
  0.0000000000000000e+000  0.0000000000000000e+000  0.0000000000000000e+000  0.0000000000000000e+000  0.0000000000000000e+000 -8.4244734462325610e-002  8.5030695291419911e-001  0.0000000000000000e+000 -4.8586070496768363e-001 -1.8390292523352603e-001
 -1.1104539108244156e+000  0.0000000000000000e+000  0.0000000000000000e+000  0.0000000000000000e+000 -1.1377215715775542e+000  0.0000000000000000e+000  0.0000000000000000e+000  4.9362704150772574e-001  0.0000000000000000e+000  0.0000000000000000e+000
  0.0000000000000000e+000  0.0000000000000000e+000  0.0000000000000000e+000  0.0000000000000000e+000  0.0000000000000000e+000 -3.8700900247759173e-001 -4.9949405637889144e-001  0.0000000000000000e+000 -6.4359205751397586e-001 -4.3187843561399003e-001
  0.0000000000000000e+000  0.0000000000000000e+000  0.0000000000000000e+000  0.0000000000000000e+000  0.0000000000000000e+000 -6.2074374761525530e-001  1.6173430359757462e-002  0.0000000000000000e+000 -1.5490455834173228e-001  7.6838805154161482e-001
 -4.8113062587729188e-001  0.0000000000000000e+000  0.0000000000000000e+000  0.0000000000000000e+000  6.0078751708525735e-001  0.0000000000000000e+000  6.3841027572984499e-001  0.0000000000000000e+000  0.0000000000000000e+000  0.0000000000000000e+000
  0.0000000000000000e+000  7.5052097465022574e-002  0.0000000000000000e+000  0.0000000000000000e+000  0.0000000000000000e+000  3.9060816046520985e-001  0.0000000000000000e+000  6.5996094940802685e-001 -6.3737272682516122e-001  0.0000000000000000e+000
  0.0000000000000000e+000  0.0000000000000000e+000 -1.3263453461027352e+000 -1.9117874702209625e-001  0.0000000000000000e+000  0.0000000000000000e+000  0.0000000000000000e+000  0.0000000000000000e+000  0.0000000000000000e+000 -1.0854817295047001e+000
  0.0000000000000000e+000  0.0000000000000000e+000  3.3070015101908412e-001  1.1384572286534245e-001  0.0000000000000000e+000  0.0000000000000000e+000  0.0000000000000000e+000  0.0000000000000000e+000  0.0000000000000000e+000 -1.1034535646217916e+000
 -4.6066027721073100e-001  0.0000000000000000e+000  0.0000000000000000e+000  0.0000000000000000e+000 -7.9285699288460176e-001  0.0000000000000000e+000  3.9896102295101266e-001  0.0000000000000000e+000  0.0000000000000000e+000  0.0000000000000000e+000
  0.0000000000000000e+000  1.2587707775461635e-001  0.0000000000000000e+000  0.0000000000000000e+000  0.0000000000000000e+000  6.2107640735522029e-001  0.0000000000000000e+000 -6.9997032910287371e-001 -3.2933356327332441e-001  0.0000000000000000e+000
 -7.4585885383432837e-001  0.0000000000000000e+000  0.0000000000000000e+000  0.0000000000000000e+000  1.0213788791882383e-001  0.0000000000000000e+000 -6.5822672538299831e-001  0.0000000000000000e+000  0.0000000000000000e+000  0.0000000000000000e+000
  0.0000000000000000e+000 -9.8063040115066902e-001  0.0000000000000000e+000  0.0000000000000000e+000  0.0000000000000000e+000  1.9583755906552369e-001  0.0000000000000000e+000 -3.1757640037266954e-003  1.2575059953597659e-003  0.0000000000000000e+000
  0.0000000000000000e+000 -1.2994675948686529e-001  0.0000000000000000e+000  0.0000000000000000e+000  0.0000000000000000e+000 -6.5064353655744178e-001  0.0000000000000000e+000 -2.7291573453185725e-001 -6.9663033947698894e-001  0.0000000000000000e+000
  0.0000000000000000e+000  0.0000000000000000e+000  6.2551756317354379e-002  1.2730808404762524e+000  0.0000000000000000e+000  0.0000000000000000e+000  0.0000000000000000e+000  0.0000000000000000e+000  0.0000000000000000e+000  6.7216347781045249e-001
 -3.7862734442663487e-001 -1.2151812121391137e-001  0.0000000000000000e+000  0.0000000000000000e+000  0.0000000000000000e+000  0.0000000000000000e+000  0.0000000000000000e+000  0.0000000000000000e+000  1.4249881352469604e+000  0.0000000000000000e+000
 -1.5057260244335415e+000  6.2883311326605551e-001  0.0000000000000000e+000  0.0000000000000000e+000  0.0000000000000000e+000  0.0000000000000000e+000  0.0000000000000000e+000  0.0000000000000000e+000  5.9168280927143324e-001  0.0000000000000000e+000
  0.0000000000000000e+000  0.0000000000000000e+000  6.0490571609827004e-001  0.0000000000000000e+000  0.0000000000000000e+000  0.0000000000000000e+000  0.0000000000000000e+000 -3.6633784169756561e-001  0.0000000000000000e+000  7.0702592623750993e-001
  0.0000000000000000e+000  0.0000000000000000e+000  0.0000000000000000e+000  1.9061455328534305e-001  4.2973570478760892e-001 -4.7573413463146239e-002  8.8132291836646925e-001  0.0000000000000000e+000  0.0000000000000000e+000  0.0000000000000000e+000
  0.0000000000000000e+000  0.0000000000000000e+000  0.0000000000000000e+000  2.6508511262022083e-001  1.2332861619568519e-001 -9.4138219001360190e-001 -1.6828400939951116e-001  0.0000000000000000e+000  0.0000000000000000e+000  0.0000000000000000e+000
  0.0000000000000000e+000  0.0000000000000000e+000  0.0000000000000000e+000 -5.3702740346010658e-001 -6.6040627525144924e-001 -3.1304770602018062e-001  4.2126743678678402e-001  0.0000000000000000e+000  0.0000000000000000e+000  0.0000000000000000e+000
  0.0000000000000000e+000  0.0000000000000000e+000  0.0000000000000000e+000 -7.7781587993293766e-001  6.0330823636550934e-001 -1.1635066141694760e-001 -1.3222765386078555e-001  0.0000000000000000e+000  0.0000000000000000e+000  0.0000000000000000e+000
  0.0000000000000000e+000  0.0000000000000000e+000  1.5295380947892356e-001  0.0000000000000000e+000  0.0000000000000000e+000  0.0000000000000000e+000  0.0000000000000000e+000 -8.1790478234765418e-001  0.0000000000000000e+000 -5.5465024941734375e-001
 -4.4279033642829529e-001 -8.8301489031731306e-001  0.0000000000000000e+000  0.0000000000000000e+000  0.0000000000000000e+000  0.0000000000000000e+000  0.0000000000000000e+000  0.0000000000000000e+000 -1.6539165995957572e-001  0.0000000000000000e+000
  0.0000000000000000e+000  0.0000000000000000e+000  7.8146926158200514e-001  0.0000000000000000e+000  0.0000000000000000e+000  0.0000000000000000e+000  0.0000000000000000e+000  4.4365341512627388e-001  0.0000000000000000e+000 -4.3872250962227766e-001
  4.3060787379953713e-001  0.0000000000000000e+000 -1.1038794633150690e+000  0.0000000000000000e+000  0.0000000000000000e+000  0.0000000000000000e+000  0.0000000000000000e+000  0.0000000000000000e+000  2.0161023941936165e-001  0.0000000000000000e+000
  0.0000000000000000e+000 -3.5963384942336690e-001  0.0000000000000000e+000  3.0726487500311322e-001  0.0000000000000000e+000  0.0000000000000000e+000  8.6431660450252468e-001  0.0000000000000000e+000  0.0000000000000000e+000 -1.7090523139880465e-001
 -8.5499802515046452e-001  0.0000000000000000e+000 -3.6712273941052698e-001  0.0000000000000000e+000  0.0000000000000000e+000  0.0000000000000000e+000  0.0000000000000000e+000  0.0000000000000000e+000  6.6537227966504064e-001  0.0000000000000000e+000
  0.0000000000000000e+000 -2.1742602583517107e-001  0.0000000000000000e+000 -2.2903535950836648e-002  0.0000000000000000e+000  0.0000000000000000e+000  1.0940765112870127e-001  0.0000000000000000e+000  0.0000000000000000e+000  9.6965525688513221e-001
  0.0000000000000000e+000  0.0000000000000000e+000  0.0000000000000000e+000  0.0000000000000000e+000  3.0918126956914016e-001  9.5098586583052191e-001  0.0000000000000000e+000  5.7293575719547414e-003  0.0000000000000000e+000  0.0000000000000000e+000
  0.0000000000000000e+000  0.0000000000000000e+000  0.0000000000000000e+000  0.0000000000000000e+000 -3.0743359333402825e-001  1.0564918790764685e-001  0.0000000000000000e+000 -9.4568643576197176e-001  0.0000000000000000e+000  0.0000000000000000e+000
  0.0000000000000000e+000  4.8206932687817416e-001  0.0000000000000000e+000 -7.3816619236608338e-001  0.0000000000000000e+000  0.0000000000000000e+000  4.7043346717652490e-001  0.0000000000000000e+000  0.0000000000000000e+000  3.7579109772012509e-002
  0.0000000000000000e+000  0.0000000000000000e+000  0.0000000000000000e+000  0.0000000000000000e+000 -8.9993973589198850e-001  2.9062713583735988e-001  0.0000000000000000e+000  3.2502975198838435e-001  0.0000000000000000e+000  0.0000000000000000e+000
  3.2644255996624544e-001  0.0000000000000000e+000  2.3261764428302673e-001  0.0000000000000000e+000  0.0000000000000000e+000  0.0000000000000000e+000  0.0000000000000000e+000  0.0000000000000000e+000  1.8736407235964567e+000  0.0000000000000000e+000
  0.0000000000000000e+000 -7.6876432131159589e-001  0.0000000000000000e+000 -6.0014531330172738e-001  0.0000000000000000e+000  0.0000000000000000e+000 -1.4028230827869925e-001  0.0000000000000000e+000  0.0000000000000000e+000 -1.7072754664755385e-001
  1.0618126357182905e-001  0.0000000000000000e+000 -8.3474287016355481e-002  0.0000000000000000e+000 -9.6963573935673519e-001  0.0000000000000000e+000  2.0387279277901987e-001  0.0000000000000000e+000  0.0000000000000000e+000  0.0000000000000000e+000
  0.0000000000000000e+000  3.6766523010782870e-001  0.0000000000000000e+000  0.0000000000000000e+000  0.0000000000000000e+000  0.0000000000000000e+000  0.0000000000000000e+000 -9.0522606085266233e-001  2.1304473080301634e-001  0.0000000000000000e+000
 -1.1306152488888116e-001  0.0000000000000000e+000 -5.9341126388572285e-001  0.0000000000000000e+000 -1.2672115259177508e-001  0.0000000000000000e+000 -7.8677945637209246e-001  0.0000000000000000e+000  0.0000000000000000e+000  0.0000000000000000e+000
  0.0000000000000000e+000  0.0000000000000000e+000  0.0000000000000000e+000  1.1861310921247623e+000  0.0000000000000000e+000 -2.1603451067396806e-001  0.0000000000000000e+000  0.0000000000000000e+000  0.0000000000000000e+000 -6.5962751257088170e-003
 -4.6133776963488937e-001  0.0000000000000000e+000 -6.7845839792575113e-001  0.0000000000000000e+000  1.2517894368696336e-001  0.0000000000000000e+000  5.5784576421242327e-001  0.0000000000000000e+000  0.0000000000000000e+000  0.0000000000000000e+000
  0.0000000000000000e+000  0.0000000000000000e+000  0.0000000000000000e+000 -3.0177794671875202e-001  0.0000000000000000e+000  2.7482076397471139e-001  0.0000000000000000e+000  0.0000000000000000e+000  0.0000000000000000e+000 -1.3978958109440667e+000
 -8.7356172830796375e-001  0.0000000000000000e+000  4.2495801861440763e-001  0.0000000000000000e+000 -1.6756644802986531e-001  0.0000000000000000e+000 -1.6799426997839789e-001  0.0000000000000000e+000  0.0000000000000000e+000  0.0000000000000000e+000
  0.0000000000000000e+000 -1.8119852098224579e-001  0.0000000000000000e+000  0.0000000000000000e+000  0.0000000000000000e+000  0.0000000000000000e+000  0.0000000000000000e+000 -2.9443271433636331e-001 -9.3833707841178726e-001  0.0000000000000000e+000
  0.0000000000000000e+000 -9.1213451560808934e-001  0.0000000000000000e+000  0.0000000000000000e+000  0.0000000000000000e+000  0.0000000000000000e+000  0.0000000000000000e+000 -3.0639052772841008e-001  2.7227829504883716e-001  0.0000000000000000e+000
  0.0000000000000000e+000  0.0000000000000000e+000  0.0000000000000000e+000 -9.1400069905599302e-001  0.0000000000000000e+000 -1.6928321736283771e+000  0.0000000000000000e+000  0.0000000000000000e+000  0.0000000000000000e+000  1.8534397769463246e-001
  2.8220056420625317e-001  0.0000000000000000e+000  0.0000000000000000e+000  0.0000000000000000e+000  8.9759426508740192e-001  0.0000000000000000e+000  0.0000000000000000e+000 -3.3865524777253836e-001  0.0000000000000000e+000  0.0000000000000000e+000
  0.0000000000000000e+000 -7.9707246329012549e-001  0.0000000000000000e+000  0.0000000000000000e+000  0.0000000000000000e+000 -4.1348705662968055e-002  1.6474314143090498e+000  0.0000000000000000e+000  0.0000000000000000e+000  0.0000000000000000e+000
  0.0000000000000000e+000  0.0000000000000000e+000 -3.6615514737465954e-001  5.7313880530211248e-002  0.0000000000000000e+000  0.0000000000000000e+000  0.0000000000000000e+000  0.0000000000000000e+000  7.4782629812650137e-001  5.5081880412711326e-001
  0.0000000000000000e+000  0.0000000000000000e+000  3.9982400357801001e-001 -3.6346788514537787e-001  0.0000000000000000e+000  0.0000000000000000e+000  0.0000000000000000e+000  0.0000000000000000e+000 -3.4249210977018046e-001  7.6859027926195378e-001
 -8.7203376737377725e-001  0.0000000000000000e+000  0.0000000000000000e+000  0.0000000000000000e+000  3.8714705513648867e-001  0.0000000000000000e+000  0.0000000000000000e+000  2.9945661832566262e-001  0.0000000000000000e+000  0.0000000000000000e+000
  0.0000000000000000e+000  1.8233427238348150e+000  0.0000000000000000e+000  0.0000000000000000e+000  0.0000000000000000e+000  6.3855301741064824e-002  7.1960408067353876e-001  0.0000000000000000e+000  0.0000000000000000e+000  0.0000000000000000e+000
  0.0000000000000000e+000 -1.4519864572886360e-001  0.0000000000000000e+000  0.0000000000000000e+000  0.0000000000000000e+000  1.0576552183634000e+000  5.5198395408309031e-001  0.0000000000000000e+000  0.0000000000000000e+000  0.0000000000000000e+000
 -3.9989992513323797e-001  0.0000000000000000e+000  0.0000000000000000e+000  0.0000000000000000e+000 -2.1081198490918768e-001  0.0000000000000000e+000  0.0000000000000000e+000 -8.9198562594757025e-001  0.0000000000000000e+000  0.0000000000000000e+000
  0.0000000000000000e+000  0.0000000000000000e+000  5.9773473960934756e-002 -8.9215302669462193e-001  0.0000000000000000e+000  0.0000000000000000e+000  0.0000000000000000e+000  0.0000000000000000e+000  3.2472055549664020e-001 -3.0829639895435051e-001
  0.0000000000000000e+000  0.0000000000000000e+000 -8.3815172017036021e-001 -2.6204807292964477e-001  0.0000000000000000e+000  0.0000000000000000e+000  0.0000000000000000e+000  0.0000000000000000e+000 -4.6691706267123834e-001  1.0402383397947312e-001
