 -2.8363423013110695e-001 -9.5893254376829573e-001
  9.5893254376829562e-001 -2.8363423013110683e-001
 -5.7158126905592288e-001 -8.2054546057145583e-001
  8.2054546057145472e-001 -5.7158126905592122e-001
 -6.7483645622949606e-001 -7.3796731454964570e-001
  7.3796731454964526e-001 -6.7483645622949617e-001
 -1.1376903101970043e-001  9.9350722573156891e-001
  9.9350722573156880e-001  1.1376903101969960e-001
 -9.0812051140533756e-001 -4.1870889262697542e-001
  4.1870889262697569e-001 -9.0812051140533767e-001
 -4.7223753617341202e-001  8.8147133216507123e-001
  8.8147133216507134e-001  4.7223753617341185e-001
  5.7593961930829884e-001 -8.1749223538270488e-001
  8.1749223538270466e-001  5.7593961930829896e-001
 -3.4948867844210896e-001 -9.3694058703889516e-001
  9.3694058703889438e-001 -3.4948867844210774e-001
 -3.6573620203895507e-001  9.3071855601901510e-001
  9.3071855601901532e-001  3.6573620203895496e-001
 -7.2114852219187697e-001 -6.9278049116619311e-001
  6.9278049116619300e-001 -7.2114852219187697e-001
