 -1.1370167108292677e+000  0.0000000000000000e+000 -1.8838435860588840e-001  0.0000000000000000e+000  2.1681255571665348e-001  0.0000000000000000e+000  0.0000000000000000e+000  0.0000000000000000e+000  0.0000000000000000e+000  0.0000000000000000e+000
  0.0000000000000000e+000 -1.7115680841155984e-001  0.0000000000000000e+000 -1.4245517338000777e-001  0.0000000000000000e+000  0.0000000000000000e+000 -8.7934411383209243e-001 -4.2091067933765941e-001  0.0000000000000000e+000  0.0000000000000000e+000
 -5.6843999808849421e-001  0.0000000000000000e+000  6.4783527197775481e-001  0.0000000000000000e+000 -7.8278721942790508e-001  0.0000000000000000e+000  0.0000000000000000e+000  0.0000000000000000e+000  0.0000000000000000e+000  0.0000000000000000e+000
  0.0000000000000000e+000  5.5439969528155175e-001  0.0000000000000000e+000 -4.8358546415089226e-001  0.0000000000000000e+000  0.0000000000000000e+000 -3.1627066836554035e-001  5.9896489134614850e-001  0.0000000000000000e+000  0.0000000000000000e+000
 -8.3166012616349694e-001  0.0000000000000000e+000 -9.5184330728765287e-001  0.0000000000000000e+000 -1.3215265744446114e+000  0.0000000000000000e+000  0.0000000000000000e+000  0.0000000000000000e+000  0.0000000000000000e+000  0.0000000000000000e+000
  0.0000000000000000e+000  0.0000000000000000e+000  0.0000000000000000e+000  0.0000000000000000e+000  0.0000000000000000e+000 -1.9575673868836582e-001  0.0000000000000000e+000  0.0000000000000000e+000 -9.7532477368369341e-001 -1.0208273652750521e-001
  0.0000000000000000e+000  5.1453264628117845e-001  0.0000000000000000e+000 -4.3894913593271745e-001  0.0000000000000000e+000  0.0000000000000000e+000  2.9420144170470652e-001 -6.7529647094715406e-001  0.0000000000000000e+000  0.0000000000000000e+000
  0.0000000000000000e+000 -6.3134972932359656e-001  0.0000000000000000e+000 -7.4375754013197015e-001  0.0000000000000000e+000  0.0000000000000000e+000  2.0043030085128888e-001  8.9721431556381723e-002  0.0000000000000000e+000  0.0000000000000000e+000
  0.0000000000000000e+000  0.0000000000000000e+000  0.0000000000000000e+000  0.0000000000000000e+000  0.0000000000000000e+000 -4.9687897418743049e-001  0.0000000000000000e+000  0.0000000000000000e+000  8.9023106817885944e-003  8.6777418368776771e-001
  0.0000000000000000e+000  0.0000000000000000e+000  0.0000000000000000e+000  0.0000000000000000e+000  0.0000000000000000e+000  8.4545288707800959e-001  0.0000000000000000e+000  0.0000000000000000e+000 -2.2059540952471685e-001  4.8636106035340010e-001
  8.9877198666282010e-001  0.0000000000000000e+000  0.0000000000000000e+000  0.0000000000000000e+000  0.0000000000000000e+000  0.0000000000000000e+000  2.0804834867549055e-001  0.0000000000000000e+000  0.0000000000000000e+000 -3.8590776178196912e-001
  0.0000000000000000e+000 -7.3309909691789876e-001  0.0000000000000000e+000 -1.7690765558255853e-001  3.7261125371760823e-001  0.0000000000000000e+000  0.0000000000000000e+000  5.4076820274257653e-001  0.0000000000000000e+000  0.0000000000000000e+000
  0.0000000000000000e+000  0.0000000000000000e+000 -1.4842099235549769e-001  0.0000000000000000e+000  0.0000000000000000e+000  1.1961319854397772e+000  0.0000000000000000e+000  0.0000000000000000e+000 -9.6239632841750589e-001  0.0000000000000000e+000
  0.0000000000000000e+000  7.9781701155917317e-002  0.0000000000000000e+000  3.8066681444964434e-001 -6.3330900559256920e-001  0.0000000000000000e+000  0.0000000000000000e+000  6.6906454096206536e-001  0.0000000000000000e+000  0.0000000000000000e+000
  0.0000000000000000e+000  5.7760091781103662e-001  0.0000000000000000e+000  2.5150193010377575e-001  6.5864333934020824e-001  0.0000000000000000e+000  0.0000000000000000e+000  4.1147650047202311e-001  0.0000000000000000e+000  0.0000000000000000e+000
  0.0000000000000000e+000  0.0000000000000000e+000 -1.4303830393055755e-001  0.0000000000000000e+000  0.0000000000000000e+000 -1.4919921406343799e+000  0.0000000000000000e+000  0.0000000000000000e+000 -5.2983522876372335e-001  0.0000000000000000e+000
 -4.1708856695279106e-001  0.0000000000000000e+000  0.0000000000000000e+000  0.0000000000000000e+000  0.0000000000000000e+000  0.0000000000000000e+000  1.3455646555580844e-001  0.0000000000000000e+000  0.0000000000000000e+000 -8.9885020158778173e-001
  0.0000000000000000e+000 -3.5011108808873409e-001  0.0000000000000000e+000  8.7209130079775377e-001  1.6207871106694671e-001  0.0000000000000000e+000  0.0000000000000000e+000 -3.0101408686153175e-001  0.0000000000000000e+000  0.0000000000000000e+000
  0.0000000000000000e+000  0.0000000000000000e+000 -1.0846333909955783e+000  0.0000000000000000e+000  0.0000000000000000e+000 -4.3604565655113281e-001  0.0000000000000000e+000  0.0000000000000000e+000  1.3742966035594006e-001  0.0000000000000000e+000
 -1.3507791569103511e-001  0.0000000000000000e+000  0.0000000000000000e+000  0.0000000000000000e+000  0.0000000000000000e+000  0.0000000000000000e+000  9.6881909673092759e-001  0.0000000000000000e+000  0.0000000000000000e+000  2.0771016947187612e-001
  1.3756089763545101e-001  0.0000000000000000e+000  0.0000000000000000e+000  0.0000000000000000e+000 -6.8697984038462501e-001 -7.1337576342116882e-001  0.0000000000000000e+000 -1.5189420993151403e-002  0.0000000000000000e+000  0.0000000000000000e+000
  0.0000000000000000e+000 -8.0199995362460752e-001  0.0000000000000000e+000  0.0000000000000000e+000  0.0000000000000000e+000  0.0000000000000000e+000 -4.3302894849771878e-001  0.0000000000000000e+000  0.0000000000000000e+000  4.1143894340361975e-001
  0.0000000000000000e+000  0.0000000000000000e+000  4.3653597750963535e-001 -1.7644807942317651e+000  0.0000000000000000e+000  0.0000000000000000e+000  0.0000000000000000e+000  0.0000000000000000e+000 -1.7927228522552849e-001  0.0000000000000000e+000
  0.0000000000000000e+000  0.0000000000000000e+000 -6.1651139226056395e-001 -1.8729580247323629e-003  0.0000000000000000e+000  0.0000000000000000e+000  0.0000000000000000e+000  0.0000000000000000e+000 -1.0555167763860061e+000  0.0000000000000000e+000
  6.0696841582479832e-001  0.0000000000000000e+000  0.0000000000000000e+000  0.0000000000000000e+000  5.4669752986800235e-001 -4.1789226300550003e-001  0.0000000000000000e+000  3.9758924727349348e-001  0.0000000000000000e+000  0.0000000000000000e+000
 -2.3986015220787757e-001  0.0000000000000000e+000  0.0000000000000000e+000  0.0000000000000000e+000 -2.5973286308412025e-001  1.8434331083994518e-001  0.0000000000000000e+000  9.1707332911033168e-001  0.0000000000000000e+000  0.0000000000000000e+000
  0.0000000000000000e+000  5.9299058763843004e-001  0.0000000000000000e+000  0.0000000000000000e+000  0.0000000000000000e+000  0.0000000000000000e+000 -6.6001042199281013e-001  0.0000000000000000e+000  0.0000000000000000e+000  4.6124657812617109e-001
  7.4507278101919505e-001  0.0000000000000000e+000  0.0000000000000000e+000  0.0000000000000000e+000 -4.0214344402895047e-001  5.3148717805039669e-001  0.0000000000000000e+000 -2.5856932859154247e-002  0.0000000000000000e+000  0.0000000000000000e+000
  0.0000000000000000e+000  0.0000000000000000e+000 -1.6281449926988634e+000 -7.2618391394724080e-001  0.0000000000000000e+000  0.0000000000000000e+000  0.0000000000000000e+000  0.0000000000000000e+000  2.0773635885874830e-002  0.0000000000000000e+000
  0.0000000000000000e+000 -7.1820869935952381e-002  0.0000000000000000e+000  0.0000000000000000e+000  0.0000000000000000e+000  0.0000000000000000e+000 -6.1389915509294568e-001  0.0000000000000000e+000  0.0000000000000000e+000 -7.8611041846410512e-001
  9.5286423713313817e-001  1.5631262780741051e+000  0.0000000000000000e+000  0.0000000000000000e+000  0.0000000000000000e+000  0.0000000000000000e+000  0.0000000000000000e+000  0.0000000000000000e+000  0.0000000000000000e+000  1.5047979928624144e-001
 -2.9480215037483959e-001 -6.0984951158542544e-001  0.0000000000000000e+000  0.0000000000000000e+000  0.0000000000000000e+000  0.0000000000000000e+000  0.0000000000000000e+000  0.0000000000000000e+000  0.0000000000000000e+000  1.2777948128173990e+000
  0.0000000000000000e+000  0.0000000000000000e+000  8.3393691135403547e-001 -1.9558006472047884e-001  0.0000000000000000e+000  1.3996194590989219e-001 -4.9669741277999530e-001  0.0000000000000000e+000  0.0000000000000000e+000  0.0000000000000000e+000
  0.0000000000000000e+000  0.0000000000000000e+000  1.5310511778571073e-001 -1.3664399440620589e-001  0.0000000000000000e+000 -9.7808199775785876e-001  3.5254040371807488e-002  0.0000000000000000e+000  0.0000000000000000e+000  0.0000000000000000e+000
  0.0000000000000000e+000  0.0000000000000000e+000  0.0000000000000000e+000  0.0000000000000000e+000 -7.2980211555685515e-001  0.0000000000000000e+000  0.0000000000000000e+000  6.6696222621921220e-001  1.5016744296102152e-001  0.0000000000000000e+000
  0.0000000000000000e+000  0.0000000000000000e+000 -5.2949821652094220e-001 -3.9315134335122182e-001  0.0000000000000000e+000 -5.4981943214593772e-002 -7.4969370134916979e-001  0.0000000000000000e+000  0.0000000000000000e+000  0.0000000000000000e+000
  0.0000000000000000e+000  0.0000000000000000e+000  2.7197233136046217e-002 -8.8798022404656018e-001  0.0000000000000000e+000  1.4402515502321223e-001  4.3589928530854949e-001  0.0000000000000000e+000  0.0000000000000000e+000  0.0000000000000000e+000
  0.0000000000000000e+000  0.0000000000000000e+000  0.0000000000000000e+000  0.0000000000000000e+000 -4.3392185420075646e-001  0.0000000000000000e+000  0.0000000000000000e+000 -6.2163458527046411e-001  6.5213669337232927e-001  0.0000000000000000e+000
  0.0000000000000000e+000  0.0000000000000000e+000  0.0000000000000000e+000  0.0000000000000000e+000 -5.2829981693704509e-001  0.0000000000000000e+000  0.0000000000000000e+000 -4.1076980316514400e-001 -7.4307972131659850e-001  0.0000000000000000e+000
 -1.1280318121638040e+000  7.4161036429252492e-001  0.0000000000000000e+000  0.0000000000000000e+000  0.0000000000000000e+000  0.0000000000000000e+000  0.0000000000000000e+000  0.0000000000000000e+000  0.0000000000000000e+000  7.5777325418692876e-001
  9.2149371122144108e-002  0.0000000000000000e+000  0.0000000000000000e+000 -2.4904809723257226e-001  0.0000000000000000e+000 -4.1536584761503903e-001  0.0000000000000000e+000  8.7003146569630951e-001  0.0000000000000000e+000  0.0000000000000000e+000
  0.0000000000000000e+000  2.9052348158438990e-001  0.0000000000000000e+000  0.0000000000000000e+000 -7.3301689812927329e-001  0.0000000000000000e+000  0.0000000000000000e+000  0.0000000000000000e+000  0.0000000000000000e+000  6.1504661100198199e-001
  0.0000000000000000e+000  0.0000000000000000e+000 -8.3909194738693582e-001  0.0000000000000000e+000  0.0000000000000000e+000  0.0000000000000000e+000 -6.4247940124238856e-001  0.0000000000000000e+000 -6.3439507227882186e-001  0.0000000000000000e+000
  4.2374312067528713e-001  0.0000000000000000e+000  0.0000000000000000e+000 -1.0620591203670487e-001  0.0000000000000000e+000  8.3871905656642154e-001  0.0000000000000000e+000  3.2513445846472905e-001  0.0000000000000000e+000  0.0000000000000000e+000
  0.0000000000000000e+000 -6.9374106474943320e-001  0.0000000000000000e+000  0.0000000000000000e+000  2.8134186305485653e-001  0.0000000000000000e+000  0.0000000000000000e+000  0.0000000000000000e+000  0.0000000000000000e+000  6.6300082290533024e-001
 -8.3624174716147648e-001  0.0000000000000000e+000  0.0000000000000000e+000 -4.2745091451148953e-001  0.0000000000000000e+000  3.2188920987705810e-001  0.0000000000000000e+000  1.1988658203625391e-001  0.0000000000000000e+000  0.0000000000000000e+000
  0.0000000000000000e+000  0.0000000000000000e+000  8.3758825039784690e-001  0.0000000000000000e+000  0.0000000000000000e+000  0.0000000000000000e+000  4.3871127024296336e-001  0.0000000000000000e+000 -1.1323947196049078e+000  0.0000000000000000e+000
 -3.3563373100224014e-001  0.0000000000000000e+000  0.0000000000000000e+000  8.6254337003803960e-001  0.0000000000000000e+000  1.4285969813805002e-001  0.0000000000000000e+000  3.5065658423141488e-001  0.0000000000000000e+000  0.0000000000000000e+000
  0.0000000000000000e+000  0.0000000000000000e+000 -1.4426310017875645e+000  0.0000000000000000e+000  0.0000000000000000e+000  0.0000000000000000e+000  6.8124470580012486e-001  0.0000000000000000e+000  4.2899485884655181e-001  0.0000000000000000e+000
  0.0000000000000000e+000  6.5902916606809414e-001  0.0000000000000000e+000  0.0000000000000000e+000  6.1930039815081739e-001  0.0000000000000000e+000  0.0000000000000000e+000  0.0000000000000000e+000  0.0000000000000000e+000  4.2678750581739333e-001
  4.8073377003454326e-001  0.0000000000000000e+000  6.0928288164072009e-001  0.0000000000000000e+000  0.0000000000000000e+000  0.0000000000000000e+000  0.0000000000000000e+000 -6.0712816201633579e-001  0.0000000000000000e+000  1.7048403847462273e-001
  0.0000000000000000e+000 -6.3301052900622090e-001  0.0000000000000000e+000  0.0000000000000000e+000 -9.4338453534955580e-001  0.0000000000000000e+000  5.0370185914369481e-001  0.0000000000000000e+000  0.0000000000000000e+000  0.0000000000000000e+000
 -6.2619819782759123e-001  0.0000000000000000e+000 -2.3919512124181233e-001  0.0000000000000000e+000  0.0000000000000000e+000  0.0000000000000000e+000  0.0000000000000000e+000 -7.4176906482131344e-001  0.0000000000000000e+000 -2.0980121203372969e-002
  0.0000000000000000e+000  0.0000000000000000e+000  0.0000000000000000e+000  9.0625901757826588e-002  0.0000000000000000e+000 -9.3724612563658027e-001  0.0000000000000000e+000  0.0000000000000000e+000 -3.3668478716716582e-001  0.0000000000000000e+000
  0.0000000000000000e+000  5.6927931254816544e-001  0.0000000000000000e+000  0.0000000000000000e+000 -1.1459369881863823e+000  0.0000000000000000e+000 -2.8885198571569937e-001  0.0000000000000000e+000  0.0000000000000000e+000  0.0000000000000000e+000
  0.0000000000000000e+000  0.0000000000000000e+000  0.0000000000000000e+000 -6.4759755946239517e-001  0.0000000000000000e+000  2.0137474302739511e-001  0.0000000000000000e+000  0.0000000000000000e+000 -7.3489156604835237e-001  0.0000000000000000e+000
  0.0000000000000000e+000 -1.1404812513342739e+000  0.0000000000000000e+000  0.0000000000000000e+000 -8.0971527865111637e-001  0.0000000000000000e+000 -1.1836357891525267e+000  0.0000000000000000e+000  0.0000000000000000e+000  0.0000000000000000e+000
 -4.7001338929269415e-001  0.0000000000000000e+000  4.0638745046218022e-001  0.0000000000000000e+000  0.0000000000000000e+000  0.0000000000000000e+000  0.0000000000000000e+000  2.4468390922046301e-001  0.0000000000000000e+000  7.4435639216778016e-001
  0.0000000000000000e+000  0.0000000000000000e+000  0.0000000000000000e+000  7.5657408553883898e-001  0.0000000000000000e+000  2.8463645734492632e-001  0.0000000000000000e+000  0.0000000000000000e+000 -5.8870853589972694e-001  0.0000000000000000e+000
  3.9478889709748638e-001  0.0000000000000000e+000 -6.3750239546259191e-001  0.0000000000000000e+000  0.0000000000000000e+000  0.0000000000000000e+000  0.0000000000000000e+000 -1.4595832942783948e-001  0.0000000000000000e+000  6.4531278352334276e-001
  8.1089036075237053e-001  0.0000000000000000e+000  0.0000000000000000e+000  0.0000000000000000e+000  0.0000000000000000e+000  3.5945756896047037e-001  4.6178683280916411e-001  0.0000000000000000e+000  0.0000000000000000e+000  0.0000000000000000e+000
  0.0000000000000000e+000 -2.5431917980287022e-001  0.0000000000000000e+000  7.1342946645278948e-001  0.0000000000000000e+000  0.0000000000000000e+000  0.0000000000000000e+000  0.0000000000000000e+000  0.0000000000000000e+000 -1.0812326538089900e+000
  0.0000000000000000e+000  0.0000000000000000e+000 -2.2767762114948747e-001  0.0000000000000000e+000 -3.0829165887472676e-001  0.0000000000000000e+000  0.0000000000000000e+000 -4.1985762550825728e-001  8.2270208957954372e-001  0.0000000000000000e+000
  0.0000000000000000e+000  7.2361476793979063e-001  0.0000000000000000e+000 -1.4270954023617712e+000  0.0000000000000000e+000  0.0000000000000000e+000  0.0000000000000000e+000  0.0000000000000000e+000  0.0000000000000000e+000 -5.5933340884616400e-001
  0.0000000000000000e+000  0.0000000000000000e+000 -4.7550297696372723e-001  0.0000000000000000e+000 -2.8773406908529431e-001  0.0000000000000000e+000  0.0000000000000000e+000 -6.1876151544502900e-001 -5.5519385028152435e-001  0.0000000000000000e+000
  5.7602293818791384e-001  0.0000000000000000e+000  0.0000000000000000e+000  0.0000000000000000e+000  0.0000000000000000e+000 -3.5109201041846655e-001 -7.3819507916382254e-001  0.0000000000000000e+000  0.0000000000000000e+000  0.0000000000000000e+000
 -1.0322014105906396e-001  0.0000000000000000e+000  0.0000000000000000e+000  0.0000000000000000e+000  0.0000000000000000e+000  8.6459508230000270e-001 -4.9175293201200021e-001  0.0000000000000000e+000  0.0000000000000000e+000  0.0000000000000000e+000
  0.0000000000000000e+000  0.0000000000000000e+000  7.9164936926102336e-001  0.0000000000000000e+000 -5.4434542118736018e-001  0.0000000000000000e+000  0.0000000000000000e+000 -2.5295330939591315e-001 -1.1399106038034135e-001  0.0000000000000000e+000
  0.0000000000000000e+000  0.0000000000000000e+000  3.0878972760596762e-001  0.0000000000000000e+000  7.2515751460509825e-001  0.0000000000000000e+000  0.0000000000000000e+000 -6.1389606984602429e-001  4.3898730783410216e-002  0.0000000000000000e+000
  0.0000000000000000e+000  8.3913085515323593e-001  0.0000000000000000e+000  1.1860005941835492e+000  0.0000000000000000e+000  0.0000000000000000e+000  0.0000000000000000e+000  0.0000000000000000e+000  0.0000000000000000e+000 -2.7362353934947670e-001
 -9.2033331008950392e-002  0.0000000000000000e+000  0.0000000000000000e+000  0.0000000000000000e+000  0.0000000000000000e+000  8.5738358514019153e-001  0.0000000000000000e+000  0.0000000000000000e+000 -6.9513214231855491e-001  0.0000000000000000e+000
  0.0000000000000000e+000  1.8847502666291377e-001  0.0000000000000000e+000 -1.8080118793028413e-001 -1.7643035853902309e-001  0.0000000000000000e+000  0.0000000000000000e+000  9.4903130788883650e-001  0.0000000000000000e+000  0.0000000000000000e+000
  0.0000000000000000e+000  0.0000000000000000e+000  4.0033949888960896e-001  0.0000000000000000e+000  0.0000000000000000e+000  0.0000000000000000e+000 -3.8359659703948168e-001  0.0000000000000000e+000  0.0000000000000000e+000  8.3221507819105700e-001
  0.0000000000000000e+000  1.2382527559923155e-001  0.0000000000000000e+000  6.4546857037512384e-001 -7.5253799272063726e-001  0.0000000000000000e+000  0.0000000000000000e+000 -4.1523430646584883e-002  0.0000000000000000e+000  0.0000000000000000e+000
  0.0000000000000000e+000 -4.1303648370255974e-001  0.0000000000000000e+000  6.9068671152169359e-001  5.0746274267034963e-001  0.0000000000000000e+000  0.0000000000000000e+000  3.0795177294418319e-001  0.0000000000000000e+000  0.0000000000000000e+000
 -1.3294148261599146e+000  0.0000000000000000e+000  0.0000000000000000e+000  0.0000000000000000e+000  0.0000000000000000e+000  4.1943829482093303e-001  0.0000000000000000e+000  0.0000000000000000e+000  1.6977869325008588e-001  0.0000000000000000e+000
  0.0000000000000000e+000  0.0000000000000000e+000  8.4015089879781080e-001  0.0000000000000000e+000  0.0000000000000000e+000  0.0000000000000000e+000 -2.0896915538047475e-001  0.0000000000000000e+000  0.0000000000000000e+000 -5.0047813073979763e-001
  0.0000000000000000e+000  8.8235215678197942e-001  0.0000000000000000e+000  2.7135423642952083e-001  3.8084178197681406e-001  0.0000000000000000e+000  0.0000000000000000e+000 -5.2736011364812541e-002  0.0000000000000000e+000  0.0000000000000000e+000
 -1.2342961062702007e+000  0.0000000000000000e+000  0.0000000000000000e+000  0.0000000000000000e+000  0.0000000000000000e+000 -3.4025677914936880e-001  0.0000000000000000e+000  0.0000000000000000e+000 -1.1220818331554814e+000  0.0000000000000000e+000
  0.0000000000000000e+000  0.0000000000000000e+000  3.6588898982894696e-001  0.0000000000000000e+000  0.0000000000000000e+000  0.0000000000000000e+000  8.9954741000088456e-001  0.0000000000000000e+000  0.0000000000000000e+000  2.3862041883009885e-001
 -7.3609090597985960e-001  0.0000000000000000e+000  0.0000000000000000e+000 -5.5813291988246239e-001  0.0000000000000000e+000 -9.2739909768585149e-002 -3.7156040022227177e-001  0.0000000000000000e+000  0.0000000000000000e+000  0.0000000000000000e+000
  0.0000000000000000e+000 -8.0130968487922649e-001 -9.0054749104463894e-001  0.0000000000000000e+000  0.0000000000000000e+000  0.0000000000000000e+000  0.0000000000000000e+000  9.0453842263591933e-001  0.0000000000000000e+000  0.0000000000000000e+000
  0.0000000000000000e+000  1.3930201315219988e+000 -7.5963732235209713e-001  0.0000000000000000e+000  0.0000000000000000e+000  0.0000000000000000e+000  0.0000000000000000e+000 -8.1903579944414195e-001  0.0000000000000000e+000  0.0000000000000000e+000
 -3.1887332444263422e-001  0.0000000000000000e+000  0.0000000000000000e+000  2.2297028151502513e-001  0.0000000000000000e+000 -7.7925955822900028e-001  4.9128260444345973e-001  0.0000000000000000e+000  0.0000000000000000e+000  0.0000000000000000e+000
  0.0000000000000000e+000  0.0000000000000000e+000  0.0000000000000000e+000  0.0000000000000000e+000 -2.2164152988595792e-001  0.0000000000000000e+000  0.0000000000000000e+000  0.0000000000000000e+000 -4.7427283801605719e-001  8.5202130686386424e-001
 -5.3104879522747694e-001  0.0000000000000000e+000  0.0000000000000000e+000  2.4956002237693797e-001  0.0000000000000000e+000  6.1833783260440733e-001  5.2284347283749222e-001  0.0000000000000000e+000  0.0000000000000000e+000  0.0000000000000000e+000
 -2.7290503509480485e-001  0.0000000000000000e+000  0.0000000000000000e+000  7.5927050024072895e-001  0.0000000000000000e+000 -4.2569646638709102e-002 -5.8925289517247781e-001  0.0000000000000000e+000  0.0000000000000000e+000  0.0000000000000000e+000
  0.0000000000000000e+000  8.4803584459859715e-001  1.2516742699474575e+000  0.0000000000000000e+000  0.0000000000000000e+000  0.0000000000000000e+000  0.0000000000000000e+000  1.0538373322843420e+000  0.0000000000000000e+000  0.0000000000000000e+000
  0.0000000000000000e+000  0.0000000000000000e+000  0.0000000000000000e+000  0.0000000000000000e+000  3.3808626539947101e-001  0.0000000000000000e+000  0.0000000000000000e+000  0.0000000000000000e+000 -8.5693161822766895e-001 -3.8905768059498180e-001
  0.0000000000000000e+000  0.0000000000000000e+000  0.0000000000000000e+000  0.0000000000000000e+000 -9.1464348758303138e-001  0.0000000000000000e+000  0.0000000000000000e+000  0.0000000000000000e+000 -2.0182536213742647e-001 -3.5027676745688707e-001
  3.9885481791092095e-002  1.8215829998617714e-001  0.0000000000000000e+000  0.0000000000000000e+000  0.0000000000000000e+000  0.0000000000000000e+000  0.0000000000000000e+000 -2.4897547384725480e-001  9.5038871811010739e-001  0.0000000000000000e+000
 -7.0056134299575734e-001  6.2144072670937855e-001  0.0000000000000000e+000  0.0000000000000000e+000  0.0000000000000000e+000  0.0000000000000000e+000  0.0000000000000000e+000  3.5074277351506078e-001  2.1759397655415780e-003  0.0000000000000000e+000
  0.0000000000000000e+000  0.0000000000000000e+000  6.4175424687642768e-001 -7.6572398375877759e-001  0.0000000000000000e+000  0.0000000000000000e+000 -4.2641145770916433e-002  0.0000000000000000e+000  0.0000000000000000e+000  0.0000000000000000e+000
  0.0000000000000000e+000  0.0000000000000000e+000  5.0235248656939491e-001  3.7770843609374716e-001  0.0000000000000000e+000  0.0000000000000000e+000  7.7780352052504997e-001  0.0000000000000000e+000  0.0000000000000000e+000  0.0000000000000000e+000
  0.0000000000000000e+000  0.0000000000000000e+000  0.0000000000000000e+000  0.0000000000000000e+000 -2.3543402964647991e-002  5.2294340018808538e-001  0.0000000000000000e+000  0.0000000000000000e+000  0.0000000000000000e+000 -8.5348629636425299e-001
  0.0000000000000000e+000  0.0000000000000000e+000  0.0000000000000000e+000  0.0000000000000000e+000 -1.4885022626621456e+000  8.9998814917084347e-001  0.0000000000000000e+000  0.0000000000000000e+000  0.0000000000000000e+000  6.4771687909232145e-001
  0.0000000000000000e+000  0.0000000000000000e+000 -5.7947688983566414e-001 -5.2057959814057586e-001  0.0000000000000000e+000  0.0000000000000000e+000  6.2705934021126108e-001  0.0000000000000000e+000  0.0000000000000000e+000  0.0000000000000000e+000
 -5.3938185865664567e-001 -1.4869727046435965e-001  0.0000000000000000e+000  0.0000000000000000e+000  0.0000000000000000e+000  0.0000000000000000e+000  0.0000000000000000e+000 -8.1287901468788681e-001 -1.6181483179424863e-001  0.0000000000000000e+000
 -4.6549990719051215e-001 -7.4734121971795098e-001  0.0000000000000000e+000  0.0000000000000000e+000  0.0000000000000000e+000  0.0000000000000000e+000  0.0000000000000000e+000  3.9270654149064993e-001  2.6565487005993815e-001  0.0000000000000000e+000
  0.0000000000000000e+000  0.0000000000000000e+000  0.0000000000000000e+000  0.0000000000000000e+000 -1.1536086313607070e+000 -1.4367898597580206e+000  0.0000000000000000e+000  0.0000000000000000e+000  0.0000000000000000e+000 -7.7038068159505768e-001
