 -4.5154158496969443e-001  8.9225007539537726e-001
  8.9225007539537715e-001  4.5154158496969443e-001
 -9.2762138608555467e-001 -3.7352183882166068e-001
 -3.7352183882166073e-001  9.2762138608555467e-001
 -9.6178129930912071e-001 -2.7381879464211589e-001
 -2.7381879464211900e-001  9.6178129930911838e-001
  8.2608808349299800e-001 -5.6354101741653695e-001
  5.6354101741653684e-001  8.2608808349299789e-001
 -9.9987732733493151e-001  1.5663022746400912e-002
  1.5663022746400801e-002  9.9987732733493151e-001
 -5.6606671400561415e-002  9.9839655686152562e-001
 -9.9839655686152506e-001 -5.6606671400557362e-002
  7.6453393439227701e-001 -6.4458348036748958e-001
 -6.4458348036748947e-001 -7.6453393439227679e-001
 -8.7271575586818972e-001  4.8822864465270144e-001
  4.8822864465270166e-001  8.7271575586818995e-001
  3.9528380243819283e-001  9.1855904302881042e-001
  9.1855904302881020e-001 -3.9528380243819272e-001
 -6.8246160503498565e-001 -7.3092144424217775e-001
 -7.3092144424217764e-001  6.8246160503498576e-001
