  3.8118622385627587e-001 -6.8048769989478852e-001  0.0000000000000000e+000  4.2486256795484934e-001  0.0000000000000000e+000  4.5948378794567318e-001  0.0000000000000000e+000  0.0000000000000000e+000  0.0000000000000000e+000  0.0000000000000000e+000
  6.9283326423395331e-001 -2.3791246294716906e-001  0.0000000000000000e+000 -4.6427365981984881e-001  0.0000000000000000e+000 -4.9782496596978815e-001  0.0000000000000000e+000  0.0000000000000000e+000  0.0000000000000000e+000  0.0000000000000000e+000
  0.0000000000000000e+000  0.0000000000000000e+000 -2.4871875057443815e-002  0.0000000000000000e+000  0.0000000000000000e+000  0.0000000000000000e+000  1.0851256184084930e+000  0.0000000000000000e+000  8.5805455768724337e-001  0.0000000000000000e+000
  6.0844595072886187e-001  6.8858135611146032e-001  0.0000000000000000e+000  3.3933865669324120e-001  0.0000000000000000e+000  2.0124243372355696e-001  0.0000000000000000e+000  0.0000000000000000e+000  0.0000000000000000e+000  0.0000000000000000e+000
  0.0000000000000000e+000  0.0000000000000000e+000  0.0000000000000000e+000  0.0000000000000000e+000 -2.1697667958776601e-001  0.0000000000000000e+000  0.0000000000000000e+000 -4.4033296480095779e-001  0.0000000000000000e+000 -8.7122213047228436e-001
  6.6877916794482226e-002  7.8675703250840168e-002  0.0000000000000000e+000 -6.9913592614163478e-001  0.0000000000000000e+000  7.0749306338740503e-001  0.0000000000000000e+000  0.0000000000000000e+000  0.0000000000000000e+000  0.0000000000000000e+000
  0.0000000000000000e+000  0.0000000000000000e+000  1.6317000253616181e+000  0.0000000000000000e+000  0.0000000000000000e+000  0.0000000000000000e+000 -2.4555355395764292e-001  0.0000000000000000e+000  2.3296332347538573e-001  0.0000000000000000e+000
  0.0000000000000000e+000  0.0000000000000000e+000  0.0000000000000000e+000  0.0000000000000000e+000 -7.8906354827294267e-001  0.0000000000000000e+000  0.0000000000000000e+000  6.0455688430501597e-001  0.0000000000000000e+000 -1.0903985705385499e-001
  0.0000000000000000e+000  0.0000000000000000e+000  1.0908548491212222e+000  0.0000000000000000e+000  0.0000000000000000e+000  0.0000000000000000e+000  5.0122355273448582e-001  0.0000000000000000e+000 -8.7765565576031290e-001  0.0000000000000000e+000
  0.0000000000000000e+000  0.0000000000000000e+000  0.0000000000000000e+000  0.0000000000000000e+000  5.7471718027389918e-001  0.0000000000000000e+000  0.0000000000000000e+000  6.6379051947810308e-001  0.0000000000000000e+000 -4.7862543700581628e-001
 -6.0355241912227109e-001  0.0000000000000000e+000  0.0000000000000000e+000  5.9305771667472706e-001  0.0000000000000000e+000  0.0000000000000000e+000  5.0509422337785570e-001  1.6996131199344755e-001  0.0000000000000000e+000  0.0000000000000000e+000
  0.0000000000000000e+000  7.5155803736597582e-001  0.0000000000000000e+000  0.0000000000000000e+000 -7.9610353215567942e-001  1.0893320760446052e+000  0.0000000000000000e+000  0.0000000000000000e+000  0.0000000000000000e+000  0.0000000000000000e+000
  0.0000000000000000e+000  0.0000000000000000e+000  9.9880370087541781e-001  0.0000000000000000e+000  0.0000000000000000e+000  0.0000000000000000e+000  0.0000000000000000e+000  0.0000000000000000e+000 -2.0030849095296455e-002  4.4608656134100533e-002
 -3.3377479082795680e-001  0.0000000000000000e+000  0.0000000000000000e+000 -6.5164412466766475e-001  0.0000000000000000e+000  0.0000000000000000e+000  1.4213753998256087e-001  6.6614656309371822e-001  0.0000000000000000e+000  0.0000000000000000e+000
  0.0000000000000000e+000 -1.1364540334553546e+000  0.0000000000000000e+000  0.0000000000000000e+000 -4.1445521349660314e-001 -5.4083470261493405e-002  0.0000000000000000e+000  0.0000000000000000e+000  0.0000000000000000e+000  0.0000000000000000e+000
  0.0000000000000000e+000  3.5138810386276975e-001  0.0000000000000000e+000  0.0000000000000000e+000 -1.7059371841000852e+000 -7.5198011666846787e-001  0.0000000000000000e+000  0.0000000000000000e+000  0.0000000000000000e+000  0.0000000000000000e+000
 -4.8502444289197796e-002  0.0000000000000000e+000  0.0000000000000000e+000  4.1734703608096835e-001  0.0000000000000000e+000  0.0000000000000000e+000 -7.2956816961671977e-001  5.3962880784342238e-001  0.0000000000000000e+000  0.0000000000000000e+000
  7.2247240727752471e-001  0.0000000000000000e+000  0.0000000000000000e+000  2.2240488068633202e-001  0.0000000000000000e+000  0.0000000000000000e+000  4.3864225870307572e-001  4.8596569698835834e-001  0.0000000000000000e+000  0.0000000000000000e+000
  0.0000000000000000e+000  0.0000000000000000e+000  3.5290287576969337e-002  0.0000000000000000e+000  0.0000000000000000e+000  0.0000000000000000e+000  0.0000000000000000e+000  0.0000000000000000e+000 -3.3620186815073749e-001 -9.4112852440816430e-001
  0.0000000000000000e+000  0.0000000000000000e+000 -3.3849116979677851e-002  0.0000000000000000e+000  0.0000000000000000e+000  0.0000000000000000e+000  0.0000000000000000e+000  0.0000000000000000e+000 -9.4157690548169015e-001  3.3509277572520146e-001
  1.2459639201622479e+000  0.0000000000000000e+000  0.0000000000000000e+000  0.0000000000000000e+000  0.0000000000000000e+000 -1.5137442092771380e-001  0.0000000000000000e+000  0.0000000000000000e+000  0.0000000000000000e+000 -1.8154122366344660e-001
  0.0000000000000000e+000  4.6722451390988706e-001 -7.4755498683754362e-002  0.0000000000000000e+000  0.0000000000000000e+000  0.0000000000000000e+000  1.8377622893840317e-001  0.0000000000000000e+000  8.6159106697751797e-001  0.0000000000000000e+000
  0.0000000000000000e+000  8.4655363274794837e-001 -1.7424727168966953e-001  0.0000000000000000e+000  0.0000000000000000e+000  0.0000000000000000e+000  9.3691593102130266e-002  0.0000000000000000e+000 -4.9417276389120357e-001  0.0000000000000000e+000
  0.0000000000000000e+000  0.0000000000000000e+000  0.0000000000000000e+000  4.8147420820108355e-001  5.3721583064442724e-001  0.0000000000000000e+000  0.0000000000000000e+000  6.9251840274620680e-001  0.0000000000000000e+000  0.0000000000000000e+000
  0.0000000000000000e+000  0.0000000000000000e+000  0.0000000000000000e+000 -7.1976741715997128e-001  6.9321068690269483e-001  0.0000000000000000e+000  0.0000000000000000e+000 -3.7333748254866350e-002  0.0000000000000000e+000  0.0000000000000000e+000
  9.9424640073058934e-001  0.0000000000000000e+000  0.0000000000000000e+000  0.0000000000000000e+000  0.0000000000000000e+000 -6.8414997995659843e-001  0.0000000000000000e+000  0.0000000000000000e+000  0.0000000000000000e+000  1.2831608202367399e+000
  0.0000000000000000e+000  1.2293797238189302e-001 -2.4449757596437413e-001  0.0000000000000000e+000  0.0000000000000000e+000  0.0000000000000000e+000 -9.5483055208054624e-001  0.0000000000000000e+000  1.1578344919606931e-001  0.0000000000000000e+000
  0.0000000000000000e+000  0.0000000000000000e+000  0.0000000000000000e+000  5.0011743824026333e-001  4.8047694520019596e-001  0.0000000000000000e+000  0.0000000000000000e+000 -7.2043351747339224e-001  0.0000000000000000e+000  0.0000000000000000e+000
  0.0000000000000000e+000 -2.2346018757163505e-001 -9.5093135350181546e-001  0.0000000000000000e+000  0.0000000000000000e+000  0.0000000000000000e+000  2.1388501554041553e-001  0.0000000000000000e+000 -6.9502248116510290e-003  0.0000000000000000e+000
  5.8554437496430589e-001  0.0000000000000000e+000  0.0000000000000000e+000  0.0000000000000000e+000  0.0000000000000000e+000  9.6578658706480569e-001  0.0000000000000000e+000  0.0000000000000000e+000  0.0000000000000000e+000  6.1410463200220289e-001
 -8.7755455615532818e-001  0.0000000000000000e+000  0.0000000000000000e+000  0.0000000000000000e+000  0.0000000000000000e+000  1.6272919279287346e-001  0.0000000000000000e+000 -4.5101797168627628e-001  0.0000000000000000e+000  0.0000000000000000e+000
  0.0000000000000000e+000  5.7409523484364777e-001 -7.6840391139258146e-001  2.1747690797978955e-001  0.0000000000000000e+000  0.0000000000000000e+000  1.8075919003455473e-001  0.0000000000000000e+000  0.0000000000000000e+000  0.0000000000000000e+000
  0.0000000000000000e+000 -1.8304729993810456e-001 -4.4878840202568887e-001 -5.1460085708988434e-001  0.0000000000000000e+000  0.0000000000000000e+000 -7.0729669451719823e-001  0.0000000000000000e+000  0.0000000000000000e+000  0.0000000000000000e+000
  0.0000000000000000e+000  7.7616426257229942e-001  4.1975197997285840e-001 -4.4903846322704316e-001  0.0000000000000000e+000  0.0000000000000000e+000 -1.4050541397810745e-001  0.0000000000000000e+000  0.0000000000000000e+000  0.0000000000000000e+000
  0.0000000000000000e+000  0.0000000000000000e+000  0.0000000000000000e+000  0.0000000000000000e+000  1.0555390473572437e+000  0.0000000000000000e+000  0.0000000000000000e+000  0.0000000000000000e+000  1.1857712846555721e+000  3.1990986868994309e-001
 -4.5546531871976398e-001  0.0000000000000000e+000  0.0000000000000000e+000  0.0000000000000000e+000  0.0000000000000000e+000  1.1023778101286880e-002  0.0000000000000000e+000  8.9018527271567338e-001  0.0000000000000000e+000  0.0000000000000000e+000
  0.0000000000000000e+000 -1.8568086821421675e-001 -1.7875311038601674e-001 -6.9731930341888715e-001  0.0000000000000000e+000  0.0000000000000000e+000  6.6881666380700877e-001  0.0000000000000000e+000  0.0000000000000000e+000  0.0000000000000000e+000
 -1.4983105290468812e-001  0.0000000000000000e+000  0.0000000000000000e+000  0.0000000000000000e+000  0.0000000000000000e+000 -9.8660918611644521e-001  0.0000000000000000e+000 -6.4443536961587666e-002  0.0000000000000000e+000  0.0000000000000000e+000
  0.0000000000000000e+000  0.0000000000000000e+000  0.0000000000000000e+000  0.0000000000000000e+000  8.6950288898446693e-002  0.0000000000000000e+000  0.0000000000000000e+000  0.0000000000000000e+000 -8.3523676777460398e-001 -1.3039118290918654e+000
  0.0000000000000000e+000  0.0000000000000000e+000  0.0000000000000000e+000  0.0000000000000000e+000 -9.7747412950997770e-001  0.0000000000000000e+000  0.0000000000000000e+000  0.0000000000000000e+000  4.7435287554065592e-001 -5.5671633968969503e-001
  1.4824886097064210e-001  0.0000000000000000e+000  9.0592638675568049e-001  0.0000000000000000e+000  0.0000000000000000e+000  0.0000000000000000e+000  0.0000000000000000e+000  0.0000000000000000e+000  0.0000000000000000e+000  1.2341055545766364e+000
  0.0000000000000000e+000 -2.2922864245257357e-002  0.0000000000000000e+000 -7.4065916733685111e-001  6.7148979153422428e-001  0.0000000000000000e+000  0.0000000000000000e+000  0.0000000000000000e+000  0.0000000000000000e+000  0.0000000000000000e+000
 -1.1717869613913274e+000  0.0000000000000000e+000 -2.5633088769989482e-001  0.0000000000000000e+000  0.0000000000000000e+000  0.0000000000000000e+000  0.0000000000000000e+000  0.0000000000000000e+000  0.0000000000000000e+000 -5.8577669140598157e-002
  0.0000000000000000e+000  9.0496717767336743e-001  0.0000000000000000e+000 -3.0081409283463800e-001 -3.0090744239046946e-001  0.0000000000000000e+000  0.0000000000000000e+000  0.0000000000000000e+000  0.0000000000000000e+000  0.0000000000000000e+000
  0.0000000000000000e+000  4.2486344821447458e-001  0.0000000000000000e+000  6.0077856102890037e-001  6.7716775689584507e-001  0.0000000000000000e+000  0.0000000000000000e+000  0.0000000000000000e+000  0.0000000000000000e+000  0.0000000000000000e+000
  0.0000000000000000e+000  0.0000000000000000e+000  0.0000000000000000e+000  0.0000000000000000e+000  0.0000000000000000e+000 -4.5831557210873319e-001 -6.5073998467033833e-001  5.6854347972240049e-001  2.0794860032960072e-001  0.0000000000000000e+000
  0.0000000000000000e+000  0.0000000000000000e+000  0.0000000000000000e+000  0.0000000000000000e+000  0.0000000000000000e+000 -6.4762502726550208e-001 -8.2868309267600360e-002 -7.1171361065449978e-001  2.5918796999016375e-001  0.0000000000000000e+000
  0.0000000000000000e+000  0.0000000000000000e+000  0.0000000000000000e+000  0.0000000000000000e+000  0.0000000000000000e+000 -5.0840506178564671e-003  4.9003315552971566e-001  2.5151475460333550e-001  8.3461487353612673e-001  0.0000000000000000e+000
  0.0000000000000000e+000  0.0000000000000000e+000  0.0000000000000000e+000  0.0000000000000000e+000  0.0000000000000000e+000  6.0868942232580048e-001 -5.7405384952282101e-001 -3.2705103010249542e-001  4.3931422547603693e-001  0.0000000000000000e+000
 -6.1008504893751425e-002  0.0000000000000000e+000 -8.8171607800337348e-001  0.0000000000000000e+000  0.0000000000000000e+000  0.0000000000000000e+000  0.0000000000000000e+000  0.0000000000000000e+000  0.0000000000000000e+000  1.5631391195018700e+000
 -2.0901322764388280e-001  0.0000000000000000e+000  0.0000000000000000e+000  2.0397803552657584e-001  0.0000000000000000e+000 -9.5487759390697136e-001  0.0000000000000000e+000  0.0000000000000000e+000  0.0000000000000000e+000  5.3992706424630665e-002
  0.0000000000000000e+000 -5.2626182495397178e-001 -1.8627531089618827e+000  0.0000000000000000e+000 -1.2372379751530002e-001  0.0000000000000000e+000  0.0000000000000000e+000  0.0000000000000000e+000  0.0000000000000000e+000  0.0000000000000000e+000
  0.0000000000000000e+000  8.2369117587551388e-001 -3.1661222758248719e-001  0.0000000000000000e+000 -6.9174321007489858e-001  0.0000000000000000e+000  0.0000000000000000e+000  0.0000000000000000e+000  0.0000000000000000e+000  0.0000000000000000e+000
  6.6193688714757448e-001  0.0000000000000000e+000  0.0000000000000000e+000  7.4769033285407493e-001  0.0000000000000000e+000  1.7647912125350260e-002  0.0000000000000000e+000  0.0000000000000000e+000  0.0000000000000000e+000  4.9872585531070310e-002
  0.0000000000000000e+000 -1.6112670621820770e+000  4.4791877312905065e-001  0.0000000000000000e+000 -9.7703914105978984e-001  0.0000000000000000e+000  0.0000000000000000e+000  0.0000000000000000e+000  0.0000000000000000e+000  0.0000000000000000e+000
 -3.7209315840827351e-001  0.0000000000000000e+000  0.0000000000000000e+000  3.8256218927725266e-001  0.0000000000000000e+000  1.1580085421636477e-001  0.0000000000000000e+000  0.0000000000000000e+000  0.0000000000000000e+000 -8.3772490410868250e-001
  0.0000000000000000e+000  0.0000000000000000e+000  0.0000000000000000e+000  0.0000000000000000e+000  0.0000000000000000e+000  0.0000000000000000e+000 -3.5483441970831686e-001  2.8234739342061843e-001  8.9127576205058090e-001  0.0000000000000000e+000
  0.0000000000000000e+000  0.0000000000000000e+000  0.0000000000000000e+000  0.0000000000000000e+000  0.0000000000000000e+000  0.0000000000000000e+000  2.1835042158149096e-001  9.5197180402620407e-001 -2.1464570280879081e-001  0.0000000000000000e+000
  0.0000000000000000e+000  0.0000000000000000e+000  0.0000000000000000e+000  0.0000000000000000e+000  0.0000000000000000e+000  0.0000000000000000e+000  9.0907404978112050e-001 -1.1844675499006918e-001  3.9944303504614587e-001  0.0000000000000000e+000
  6.1619778445643381e-001  0.0000000000000000e+000  0.0000000000000000e+000 -5.0298936222814550e-001  0.0000000000000000e+000 -2.7292397112534561e-001  0.0000000000000000e+000  0.0000000000000000e+000  0.0000000000000000e+000 -5.4112336661936311e-001
 -6.7188312436238495e-001  0.0000000000000000e+000 -3.0598010174599394e-001 -6.3598121013298337e-001  0.0000000000000000e+000  0.0000000000000000e+000  0.0000000000000000e+000  0.0000000000000000e+000  0.0000000000000000e+000  2.2467119283597020e-001
  0.0000000000000000e+000  3.7464630485595263e-001  0.0000000000000000e+000  0.0000000000000000e+000  0.0000000000000000e+000  0.0000000000000000e+000  4.1852834386084359e-001  8.2732954234868239e-001  0.0000000000000000e+000  0.0000000000000000e+000
  2.2501594716753731e-001  0.0000000000000000e+000 -9.3800250009802133e-001  2.4656564887134347e-001  0.0000000000000000e+000  0.0000000000000000e+000  0.0000000000000000e+000  0.0000000000000000e+000  0.0000000000000000e+000  9.3405107605585902e-002
 -6.5627646029993558e-001  0.0000000000000000e+000  5.2557981968443662e-002  7.3116677304351241e-001  0.0000000000000000e+000  0.0000000000000000e+000  0.0000000000000000e+000  0.0000000000000000e+000  0.0000000000000000e+000  1.7870091265778837e-001
  0.0000000000000000e+000  0.0000000000000000e+000  0.0000000000000000e+000  0.0000000000000000e+000  1.6521284183830365e+000 -7.9473833403440652e-001  0.0000000000000000e+000  0.0000000000000000e+000 -3.0114923634993418e-001  0.0000000000000000e+000
  0.0000000000000000e+000  0.0000000000000000e+000  0.0000000000000000e+000  0.0000000000000000e+000  5.5868474895207398e-001  1.1605883339607694e+000  0.0000000000000000e+000  0.0000000000000000e+000  2.1452590916367154e-001  0.0000000000000000e+000
  0.0000000000000000e+000 -7.1057822700352802e-001  0.0000000000000000e+000  0.0000000000000000e+000  0.0000000000000000e+000  0.0000000000000000e+000  7.0280789534423493e-001 -3.3758636677584941e-002  0.0000000000000000e+000  0.0000000000000000e+000
  0.0000000000000000e+000 -5.9558268071385623e-001  0.0000000000000000e+000  0.0000000000000000e+000  0.0000000000000000e+000  0.0000000000000000e+000 -5.7523481086153505e-001  5.6070150954566778e-001  0.0000000000000000e+000  0.0000000000000000e+000
  0.0000000000000000e+000  0.0000000000000000e+000  0.0000000000000000e+000  0.0000000000000000e+000 -1.9123610946348757e-001 -5.5535383968503671e-001  0.0000000000000000e+000  0.0000000000000000e+000 -1.5578758861068267e+000  0.0000000000000000e+000
 -2.5931081422401392e-001  0.0000000000000000e+000 -1.5415948130678664e-001  1.1332746868090743e-002  0.0000000000000000e+000  0.0000000000000000e+000  0.0000000000000000e+000  0.0000000000000000e+000  0.0000000000000000e+000 -9.5334376003523880e-001
 -8.8913140174812932e-001  0.0000000000000000e+000  0.0000000000000000e+000  1.6490704833618974e-001  0.0000000000000000e+000  0.0000000000000000e+000  0.0000000000000000e+000  4.2571624593472934e-001  0.0000000000000000e+000 -3.1885635977544763e-002
  0.0000000000000000e+000  2.3934526923533680e-001 -5.8487000508077913e-001  0.0000000000000000e+000  0.0000000000000000e+000  0.0000000000000000e+000  0.0000000000000000e+000  0.0000000000000000e+000  7.7501027041676918e-001  0.0000000000000000e+000
  0.0000000000000000e+000 -8.9526355898131038e-001  1.7599795181235431e-001  0.0000000000000000e+000  0.0000000000000000e+000  0.0000000000000000e+000  0.0000000000000000e+000  0.0000000000000000e+000  4.0930169913887970e-001  0.0000000000000000e+000
  2.9307343763606852e-001  0.0000000000000000e+000  0.0000000000000000e+000  9.1968859532046077e-001  0.0000000000000000e+000  0.0000000000000000e+000  0.0000000000000000e+000  2.5020063624286604e-001  0.0000000000000000e+000 -7.5369021575957790e-002
  0.0000000000000000e+000  0.0000000000000000e+000  0.0000000000000000e+000  0.0000000000000000e+000  1.6418285178284426e+000  2.9566049135694150e-001  8.8508282902936664e-001  0.0000000000000000e+000  0.0000000000000000e+000  0.0000000000000000e+000
  0.0000000000000000e+000  0.0000000000000000e+000  0.0000000000000000e+000  0.0000000000000000e+000 -4.9702833677584435e-002  1.9164195173611005e+000 -1.4016915554798964e-001  0.0000000000000000e+000  0.0000000000000000e+000  0.0000000000000000e+000
  0.0000000000000000e+000  0.0000000000000000e+000  0.0000000000000000e+000  0.0000000000000000e+000 -9.4376278669055791e-001  3.5557463563254915e-001  6.8509273384168601e-001  0.0000000000000000e+000  0.0000000000000000e+000  0.0000000000000000e+000
  3.2389158019406616e-001  0.0000000000000000e+000  0.0000000000000000e+000 -2.9556595665185070e-001  0.0000000000000000e+000  0.0000000000000000e+000  0.0000000000000000e+000  8.1872260044986422e-001  0.0000000000000000e+000  3.7071324910296999e-001
  0.0000000000000000e+000 -3.7578850708181816e-001 -7.9180287831926033e-001  0.0000000000000000e+000  0.0000000000000000e+000  0.0000000000000000e+000  0.0000000000000000e+000  0.0000000000000000e+000 -4.8148852512863960e-001  0.0000000000000000e+000
 -1.3655605023935569e-001  0.0000000000000000e+000  0.0000000000000000e+000  1.9904602059573745e-001  0.0000000000000000e+000  0.0000000000000000e+000  0.0000000000000000e+000 -2.9301642118406890e-001  0.0000000000000000e+000  9.2513485705842380e-001
  2.7584682967684532e-001  9.5226188210217910e-001  0.0000000000000000e+000  0.0000000000000000e+000  0.0000000000000000e+000  0.0000000000000000e+000  0.0000000000000000e+000  8.7457367413028608e-001  0.0000000000000000e+000  0.0000000000000000e+000
 -1.7910750320893565e+000 -4.3996549836537879e-001  0.0000000000000000e+000  0.0000000000000000e+000  0.0000000000000000e+000  0.0000000000000000e+000  0.0000000000000000e+000 -8.9227994959742929e-002  0.0000000000000000e+000  0.0000000000000000e+000
  0.0000000000000000e+000  0.0000000000000000e+000 -9.2316470134524375e-001  0.0000000000000000e+000 -1.0182213101951909e-001  0.0000000000000000e+000  0.0000000000000000e+000  0.0000000000000000e+000 -3.7067396432011585e-001  0.0000000000000000e+000
  0.0000000000000000e+000  0.0000000000000000e+000  0.0000000000000000e+000  1.2192090034335873e-001  0.0000000000000000e+000 -2.3179875378736270e-001 -5.6716696785043608e-001  0.0000000000000000e+000  0.0000000000000000e+000  7.8084970537321241e-001
  0.0000000000000000e+000  0.0000000000000000e+000  3.6535085633636222e-001  0.0000000000000000e+000  6.7413598691540122e-002  0.0000000000000000e+000  0.0000000000000000e+000  0.0000000000000000e+000 -9.2842563433252101e-001  0.0000000000000000e+000
  0.0000000000000000e+000  0.0000000000000000e+000  0.0000000000000000e+000 -3.5045061583038284e-001  0.0000000000000000e+000 -8.6783008144342044e-001  3.4860373970974901e-001  0.0000000000000000e+000  0.0000000000000000e+000  5.0306542977921989e-002
  0.0000000000000000e+000  0.0000000000000000e+000  0.0000000000000000e+000  9.1118183320492296e-001  0.0000000000000000e+000 -3.5395530314057311e-001  6.3857200308590087e-002  0.0000000000000000e+000  0.0000000000000000e+000 -2.0096160873343369e-001
 -1.6677764800280137e-001 -7.8940930429632683e-001  0.0000000000000000e+000  0.0000000000000000e+000  0.0000000000000000e+000  0.0000000000000000e+000  0.0000000000000000e+000  7.0779158496960881e-001  0.0000000000000000e+000  0.0000000000000000e+000
  0.0000000000000000e+000  0.0000000000000000e+000 -1.1952274245696398e-001  0.0000000000000000e+000  9.9251582372579761e-001  0.0000000000000000e+000  0.0000000000000000e+000  0.0000000000000000e+000  2.5033051940709539e-002  0.0000000000000000e+000
  0.0000000000000000e+000  0.0000000000000000e+000  0.0000000000000000e+000 -1.7907352333856164e-001  0.0000000000000000e+000 -2.6049170977825165e-001 -7.4345095413784235e-001  0.0000000000000000e+000  0.0000000000000000e+000 -5.8937035993291054e-001
  6.1070985763139407e-001  4.1313965792949581e-001  5.6014953911208376e-001  0.0000000000000000e+000  0.0000000000000000e+000  0.0000000000000000e+000 -3.7759977048491666e-001  0.0000000000000000e+000  0.0000000000000000e+000  0.0000000000000000e+000
  3.6021124546277244e-001 -5.4337709260634270e-001  4.2936537236308175e-001  0.0000000000000000e+000  0.0000000000000000e+000  0.0000000000000000e+000  6.2500765666377744e-001  0.0000000000000000e+000  0.0000000000000000e+000  0.0000000000000000e+000
 -5.4922298146454518e-001  5.1808707025070266e-001  5.0146412848637556e-001  0.0000000000000000e+000  0.0000000000000000e+000  0.0000000000000000e+000  4.2246139718516307e-001  0.0000000000000000e+000  0.0000000000000000e+000  0.0000000000000000e+000
  0.0000000000000000e+000  0.0000000000000000e+000  0.0000000000000000e+000 -9.2135044407860067e-001  0.0000000000000000e+000 -3.7548337138003912e-001  0.0000000000000000e+000  0.0000000000000000e+000  1.0062602552642508e-001  0.0000000000000000e+000
  0.0000000000000000e+000  0.0000000000000000e+000  0.0000000000000000e+000  0.0000000000000000e+000 -1.0533402053509719e+000  0.0000000000000000e+000  0.0000000000000000e+000  1.0041996652005239e-002  0.0000000000000000e+000  6.5793360539561341e-001
  0.0000000000000000e+000  0.0000000000000000e+000  0.0000000000000000e+000  2.2394999529840792e-001  0.0000000000000000e+000 -3.0111710783670503e-001  0.0000000000000000e+000  0.0000000000000000e+000  9.2691687166320391e-001  0.0000000000000000e+000
  4.4230695796606811e-001  5.1540541898162151e-001 -5.0041142941526773e-001  0.0000000000000000e+000  0.0000000000000000e+000  0.0000000000000000e+000  5.3694525822447881e-001  0.0000000000000000e+000  0.0000000000000000e+000  0.0000000000000000e+000
  0.0000000000000000e+000  0.0000000000000000e+000  0.0000000000000000e+000  0.0000000000000000e+000  1.7648873120391856e-001  0.0000000000000000e+000  0.0000000000000000e+000 -5.7673749633882176e-001  0.0000000000000000e+000  1.0815423279205743e+000
  0.0000000000000000e+000  0.0000000000000000e+000  0.0000000000000000e+000 -3.1774165418151945e-001  0.0000000000000000e+000  8.7655046927438163e-001  0.0000000000000000e+000  0.0000000000000000e+000  3.6152388028020188e-001  0.0000000000000000e+000
  0.0000000000000000e+000  0.0000000000000000e+000  0.0000000000000000e+000  0.0000000000000000e+000 -8.4757911665027930e-001  0.0000000000000000e+000  0.0000000000000000e+000 -1.4862245436512240e+000  0.0000000000000000e+000  2.3174416838066614e-001
