  1.5915925466998249e-001 -3.1446544612284277e-001  0.0000000000000000e+000 -9.1955776609868600e-001  0.0000000000000000e+000  0.0000000000000000e+000 -1.7376227914955306e-001  0.0000000000000000e+000  0.0000000000000000e+000  0.0000000000000000e+000
  5.6781416577669852e-001  7.9179210857857352e-001  0.0000000000000000e+000 -1.3905463514445390e-001  0.0000000000000000e+000  0.0000000000000000e+000 -1.7696366401285155e-001  0.0000000000000000e+000  0.0000000000000000e+000  0.0000000000000000e+000
  0.0000000000000000e+000  0.0000000000000000e+000 -2.7121860664536929e-001  0.0000000000000000e+000  0.0000000000000000e+000  0.0000000000000000e+000  0.0000000000000000e+000  0.0000000000000000e+000 -1.4822854090150550e-001 -9.5103562870775604e-001
 -7.7225388608433732e-001  5.2326461414121772e-001  0.0000000000000000e+000 -3.3679593251568829e-001  0.0000000000000000e+000  0.0000000000000000e+000  1.2801007326054989e-001  0.0000000000000000e+000  0.0000000000000000e+000  0.0000000000000000e+000
  0.0000000000000000e+000  0.0000000000000000e+000  0.0000000000000000e+000  0.0000000000000000e+000 -3.0191670971497814e-001 -1.4820497464392912e-001  0.0000000000000000e+000 -1.3223373224515642e+000  0.0000000000000000e+000  0.0000000000000000e+000
  0.0000000000000000e+000  0.0000000000000000e+000  0.0000000000000000e+000  0.0000000000000000e+000 -5.4326335765944056e-001  1.2245315912857180e+000  0.0000000000000000e+000  4.1680556688851084e-001  0.0000000000000000e+000  0.0000000000000000e+000
 -2.3638811354179223e-001 -1.9258337807375715e-002  0.0000000000000000e+000  1.4712519530427748e-001  0.0000000000000000e+000  0.0000000000000000e+000 -9.6026243970475511e-001  0.0000000000000000e+000  0.0000000000000000e+000  0.0000000000000000e+000
  0.0000000000000000e+000  0.0000000000000000e+000  0.0000000000000000e+000  0.0000000000000000e+000 -1.0558738391621385e+000 -1.0965556632726416e+000  0.0000000000000000e+000 -4.8517193415292031e-001  0.0000000000000000e+000  0.0000000000000000e+000
  0.0000000000000000e+000  0.0000000000000000e+000 -5.5421122908252421e-002  0.0000000000000000e+000  0.0000000000000000e+000  0.0000000000000000e+000  0.0000000000000000e+000  0.0000000000000000e+000  9.8883641045855863e-001 -1.3831504794135924e-001
  0.0000000000000000e+000  0.0000000000000000e+000 -9.6092089505064493e-001  0.0000000000000000e+000  0.0000000000000000e+000  0.0000000000000000e+000  0.0000000000000000e+000  0.0000000000000000e+000 -1.5193847888005433e-002  2.7640582562859078e-001
  7.2493361171826531e-001  0.0000000000000000e+000  0.0000000000000000e+000  0.0000000000000000e+000  0.0000000000000000e+000  0.0000000000000000e+000  0.0000000000000000e+000 -1.0961300930261011e+000 -9.9978789364638809e-001  0.0000000000000000e+000
  0.0000000000000000e+000  2.2850839565518399e-001  0.0000000000000000e+000  0.0000000000000000e+000 -3.9786583333515013e-001  0.0000000000000000e+000  0.0000000000000000e+000  0.0000000000000000e+000  0.0000000000000000e+000  8.8853063637649565e-001
  0.0000000000000000e+000  0.0000000000000000e+000  3.5781284208773301e-001 -7.7798283157243631e-001  0.0000000000000000e+000 -5.1642750594890663e-001 -3.9134275290932594e-003  0.0000000000000000e+000  0.0000000000000000e+000  0.0000000000000000e+000
  0.0000000000000000e+000  0.0000000000000000e+000  5.6565566848419757e-001  5.3486405865114806e-001  0.0000000000000000e+000 -4.1738805682889385e-001  4.6876573412688427e-001  0.0000000000000000e+000  0.0000000000000000e+000  0.0000000000000000e+000
  0.0000000000000000e+000 -6.4488963987954040e-001  0.0000000000000000e+000  0.0000000000000000e+000  6.2185976849721314e-001  0.0000000000000000e+000  0.0000000000000000e+000  0.0000000000000000e+000  0.0000000000000000e+000  4.4430595393335670e-001
  0.0000000000000000e+000  0.0000000000000000e+000 -3.7332137841462343e-001 -2.6726264523552273e-001  0.0000000000000000e+000  1.3731215403547814e-001  8.7769425156739755e-001  0.0000000000000000e+000  0.0000000000000000e+000  0.0000000000000000e+000
  0.0000000000000000e+000  0.0000000000000000e+000  6.4236654891689393e-001 -1.9296069807986027e-001  0.0000000000000000e+000  7.3500694790602417e-001  9.9479507231408137e-002  0.0000000000000000e+000  0.0000000000000000e+000  0.0000000000000000e+000
 -1.3079550688625279e+000  0.0000000000000000e+000  0.0000000000000000e+000  0.0000000000000000e+000  0.0000000000000000e+000  0.0000000000000000e+000  0.0000000000000000e+000 -8.0456061417803693e-001 -9.6564587151557202e-001  0.0000000000000000e+000
 -4.5079463897630284e-001  0.0000000000000000e+000  0.0000000000000000e+000  0.0000000000000000e+000  0.0000000000000000e+000  0.0000000000000000e+000  0.0000000000000000e+000  8.3619642194770483e-001 -8.2174108382686151e-001  0.0000000000000000e+000
  0.0000000000000000e+000  7.2931561445723125e-001  0.0000000000000000e+000  0.0000000000000000e+000  6.7453184282813472e-001  0.0000000000000000e+000  0.0000000000000000e+000  0.0000000000000000e+000  0.0000000000000000e+000  1.1447937595807689e-001
 -3.7182033152413818e-001  0.0000000000000000e+000  0.0000000000000000e+000  4.1249874048325491e-001 -8.7518954491269368e-002  0.0000000000000000e+000  0.0000000000000000e+000  0.0000000000000000e+000  0.0000000000000000e+000  8.2700354459322201e-001
  0.0000000000000000e+000  8.3673882186449378e-001  0.0000000000000000e+000  0.0000000000000000e+000  0.0000000000000000e+000  2.4036696735422375e-001 -4.9202831726411067e-001  0.0000000000000000e+000  0.0000000000000000e+000  0.0000000000000000e+000
  0.0000000000000000e+000  0.0000000000000000e+000 -1.0904736715993610e+000  0.0000000000000000e+000  0.0000000000000000e+000  0.0000000000000000e+000  0.0000000000000000e+000  2.2254587067599321e-002 -8.8773147970227695e-001  0.0000000000000000e+000
 -1.4658965362259491e-001  0.0000000000000000e+000  0.0000000000000000e+000 -6.5644713084642881e-001 -7.1630866532073745e-001  0.0000000000000000e+000  0.0000000000000000e+000  0.0000000000000000e+000  0.0000000000000000e+000  1.8571627241774907e-001
  9.1033162898983289e-001  0.0000000000000000e+000  0.0000000000000000e+000  1.3562521840480654e-001 -2.2827445835995414e-001  0.0000000000000000e+000  0.0000000000000000e+000  0.0000000000000000e+000  0.0000000000000000e+000  3.1747897104189676e-001
  0.0000000000000000e+000 -4.2997355201082643e-001  0.0000000000000000e+000  0.0000000000000000e+000  0.0000000000000000e+000  8.4479287487673749e-001 -3.1850862331919727e-001  0.0000000000000000e+000  0.0000000000000000e+000  0.0000000000000000e+000
  0.0000000000000000e+000  3.3910306479890717e-001  0.0000000000000000e+000  0.0000000000000000e+000  0.0000000000000000e+000  4.7806769349374645e-001  8.1022243358324575e-001  0.0000000000000000e+000  0.0000000000000000e+000  0.0000000000000000e+000
  0.0000000000000000e+000  0.0000000000000000e+000  6.5761420331054599e-001  0.0000000000000000e+000  0.0000000000000000e+000  0.0000000000000000e+000  0.0000000000000000e+000  1.8025256302634047e+000  1.6273117854326835e-002  0.0000000000000000e+000
  0.0000000000000000e+000  0.0000000000000000e+000  3.7088235612039788e-001  0.0000000000000000e+000  0.0000000000000000e+000  0.0000000000000000e+000  0.0000000000000000e+000  1.8143656951776621e-001 -1.7006376539440318e+000  0.0000000000000000e+000
  1.0750553370304544e-001  0.0000000000000000e+000  0.0000000000000000e+000 -6.1686931649734056e-001  6.5355420605459291e-001  0.0000000000000000e+000  0.0000000000000000e+000  0.0000000000000000e+000  0.0000000000000000e+000  4.2518432042548449e-001
  8.0069834957468167e-001  0.0000000000000000e+000  0.0000000000000000e+000  0.0000000000000000e+000  5.9224386743444934e-001  0.0000000000000000e+000  0.0000000000000000e+000  0.0000000000000000e+000  9.0162932930707929e-002  0.0000000000000000e+000
  0.0000000000000000e+000 -1.6622874251351388e-001  0.0000000000000000e+000  0.0000000000000000e+000  0.0000000000000000e+000  0.0000000000000000e+000 -1.9377872874235129e+000  3.3771646992784710e-001  0.0000000000000000e+000  0.0000000000000000e+000
  0.0000000000000000e+000  0.0000000000000000e+000 -7.1539836291751224e-001  4.6049727457476070e-001  0.0000000000000000e+000  1.1160653077860361e-001  0.0000000000000000e+000  0.0000000000000000e+000  0.0000000000000000e+000 -5.1350893344880177e-001
  0.0000000000000000e+000  0.0000000000000000e+000 -6.6220901046268910e-001 -2.5884698310625992e-001  0.0000000000000000e+000  5.0374814301586038e-002  0.0000000000000000e+000  0.0000000000000000e+000  0.0000000000000000e+000  7.0138423412769579e-001
 -2.8629209595979338e-003  0.0000000000000000e+000  0.0000000000000000e+000  0.0000000000000000e+000  1.5428660601470545e-001  0.0000000000000000e+000  0.0000000000000000e+000  0.0000000000000000e+000 -9.8802198704686839e-001  0.0000000000000000e+000
  0.0000000000000000e+000  0.0000000000000000e+000 -2.0587346702873394e-001 -4.7570598101491846e-001  0.0000000000000000e+000 -7.9592398723055513e-001  0.0000000000000000e+000  0.0000000000000000e+000  0.0000000000000000e+000 -3.1276979034302110e-001
  0.0000000000000000e+000 -1.5413467567653150e-001  0.0000000000000000e+000  0.0000000000000000e+000  0.0000000000000000e+000  0.0000000000000000e+000  2.5950004507705249e-001  1.1333478165041102e+000  0.0000000000000000e+000  0.0000000000000000e+000
  0.0000000000000000e+000 -1.5686734056019718e+000  0.0000000000000000e+000  0.0000000000000000e+000  0.0000000000000000e+000  0.0000000000000000e+000 -2.3778846245062712e-002 -1.0784305754039800e+000  0.0000000000000000e+000  0.0000000000000000e+000
  5.9906089562911713e-001  0.0000000000000000e+000  0.0000000000000000e+000  0.0000000000000000e+000 -7.9084944502145893e-001  0.0000000000000000e+000  0.0000000000000000e+000  0.0000000000000000e+000 -1.2523257817872518e-001  0.0000000000000000e+000
  0.0000000000000000e+000  0.0000000000000000e+000 -8.5443106044542916e-002 -7.0330954712177696e-001  0.0000000000000000e+000  5.9288394051674265e-001  0.0000000000000000e+000  0.0000000000000000e+000  0.0000000000000000e+000 -3.8281038339387014e-001
 -7.1657390498464668e-001  0.0000000000000000e+000  0.0000000000000000e+000  0.0000000000000000e+000  0.0000000000000000e+000  0.0000000000000000e+000  0.0000000000000000e+000  0.0000000000000000e+000  4.2934602987244497e-001 -5.4971249333431038e-001
  0.0000000000000000e+000  3.4541618634572480e-001  2.1080488649678381e-001  0.0000000000000000e+000  0.0000000000000000e+000 -8.9176777544469954e-001  2.0248257386221158e-001  0.0000000000000000e+000  0.0000000000000000e+000  0.0000000000000000e+000
  0.0000000000000000e+000 -4.1320910004165412e-001 -2.8664614470511651e-001  0.0000000000000000e+000  0.0000000000000000e+000 -4.0159810258213685e-001 -7.6538303572191058e-001  0.0000000000000000e+000  0.0000000000000000e+000  0.0000000000000000e+000
  0.0000000000000000e+000  0.0000000000000000e+000  0.0000000000000000e+000  1.2412305189478690e+000  1.2803813193839022e+000  0.0000000000000000e+000  0.0000000000000000e+000 -5.1514138702440038e-002  0.0000000000000000e+000  0.0000000000000000e+000
  0.0000000000000000e+000  0.0000000000000000e+000  0.0000000000000000e+000 -5.2307454760053362e-001  1.0359663177706964e+000  0.0000000000000000e+000  0.0000000000000000e+000  1.2775523021076300e+000  0.0000000000000000e+000  0.0000000000000000e+000
  0.0000000000000000e+000  2.5268583748542200e-001  7.9676914749036154e-001  0.0000000000000000e+000  0.0000000000000000e+000  1.6753464715429831e-001 -5.2272453084264037e-001  0.0000000000000000e+000  0.0000000000000000e+000  0.0000000000000000e+000
  0.0000000000000000e+000  8.0380082445058054e-001 -4.8842011953056741e-001  0.0000000000000000e+000  0.0000000000000000e+000  1.2410213811100780e-001 -3.1614661277101852e-001  0.0000000000000000e+000  0.0000000000000000e+000  0.0000000000000000e+000
  0.0000000000000000e+000  0.0000000000000000e+000  0.0000000000000000e+000  2.3644604764713895e-001 -3.3536136748151413e-001  0.0000000000000000e+000  0.0000000000000000e+000  1.3247358334794070e+000  0.0000000000000000e+000  0.0000000000000000e+000
  5.3898856195365585e-001  0.0000000000000000e+000  0.0000000000000000e+000  0.0000000000000000e+000  0.0000000000000000e+000  0.0000000000000000e+000  0.0000000000000000e+000  0.0000000000000000e+000 -1.5940094499042981e-001 -8.2709290216957387e-001
 -4.4273374479271921e-001  0.0000000000000000e+000  0.0000000000000000e+000  0.0000000000000000e+000  0.0000000000000000e+000  0.0000000000000000e+000  0.0000000000000000e+000  0.0000000000000000e+000 -8.8896193696295456e-001 -1.1719004161142531e-001
 -1.6746542198255772e+000  0.0000000000000000e+000  0.0000000000000000e+000  0.0000000000000000e+000  0.0000000000000000e+000 -4.6010998088786187e-001  0.0000000000000000e+000  0.0000000000000000e+000  0.0000000000000000e+000 -1.1272305683764161e-001
  0.0000000000000000e+000  8.5821748792755814e-001  0.0000000000000000e+000 -8.8913430398735338e-002  0.0000000000000000e+000  0.0000000000000000e+000  0.0000000000000000e+000  0.0000000000000000e+000  5.0552660198059096e-001  0.0000000000000000e+000
  0.0000000000000000e+000  0.0000000000000000e+000 -4.6155523531440534e-001  0.0000000000000000e+000 -5.0296507102398624e-001  0.0000000000000000e+000  5.5092535525222031e-001 -4.8007723860220175e-001  0.0000000000000000e+000  0.0000000000000000e+000
  0.0000000000000000e+000 -1.9425151598435797e-001  0.0000000000000000e+000  8.5536860038327456e-001  0.0000000000000000e+000  0.0000000000000000e+000  0.0000000000000000e+000  0.0000000000000000e+000  4.8021964351340080e-001  0.0000000000000000e+000
  0.0000000000000000e+000  0.0000000000000000e+000 -8.4234589064814669e-001  0.0000000000000000e+000 -2.2954428296108331e-004  0.0000000000000000e+000 -3.4542950031250286e-001  4.1368080464466472e-001  0.0000000000000000e+000  0.0000000000000000e+000
  4.4114421192118497e-001  0.0000000000000000e+000  0.0000000000000000e+000  0.0000000000000000e+000  0.0000000000000000e+000  7.5758316785703983e-001  0.0000000000000000e+000  0.0000000000000000e+000  0.0000000000000000e+000 -1.3727221530742697e+000
  0.0000000000000000e+000  0.0000000000000000e+000 -2.0143030340854157e-001  0.0000000000000000e+000  4.5059118984148860e-001  0.0000000000000000e+000 -4.2069216944656002e-001 -7.6119085062310210e-001  0.0000000000000000e+000  0.0000000000000000e+000
  0.0000000000000000e+000  0.0000000000000000e+000  1.9195311440762766e-001  0.0000000000000000e+000 -7.3755926153529439e-001  0.0000000000000000e+000 -6.3259608900183362e-001 -1.3777708725440074e-001  0.0000000000000000e+000  0.0000000000000000e+000
  0.0000000000000000e+000 -4.7510955784228404e-001  0.0000000000000000e+000 -5.1033220491468512e-001  0.0000000000000000e+000  0.0000000000000000e+000  0.0000000000000000e+000  0.0000000000000000e+000  7.1682072282672071e-001  0.0000000000000000e+000
  5.1819941999793395e-001  0.0000000000000000e+000  0.0000000000000000e+000  0.0000000000000000e+000  0.0000000000000000e+000 -1.3947322925519585e+000  0.0000000000000000e+000  0.0000000000000000e+000  0.0000000000000000e+000  2.0561182742768719e-001
 -6.2339656252351150e-001  0.0000000000000000e+000  0.0000000000000000e+000  7.3193296809515296e-001  0.0000000000000000e+000  0.0000000000000000e+000  9.7091167712146181e-002  2.5734055491038016e-001  0.0000000000000000e+000  0.0000000000000000e+000
  0.0000000000000000e+000  9.8463205555636590e-001  0.0000000000000000e+000  0.0000000000000000e+000  1.8222733437403510e-001  0.0000000000000000e+000  0.0000000000000000e+000  0.0000000000000000e+000 -1.7236952556394328e-001  0.0000000000000000e+000
  0.0000000000000000e+000  0.0000000000000000e+000 -1.9617401580041863e-001  0.0000000000000000e+000  0.0000000000000000e+000  7.1866056466469685e-001  0.0000000000000000e+000  0.0000000000000000e+000  0.0000000000000000e+000  6.6711524365776320e-001
  8.7632327372159854e-002  0.0000000000000000e+000  0.0000000000000000e+000  3.4968255349119037e-001  0.0000000000000000e+000  0.0000000000000000e+000  2.8261605565907444e-001 -8.8891554833230735e-001  0.0000000000000000e+000  0.0000000000000000e+000
  0.0000000000000000e+000  4.6764228741991848e-001  0.0000000000000000e+000  0.0000000000000000e+000 -1.6652462913060053e+000  0.0000000000000000e+000  0.0000000000000000e+000  0.0000000000000000e+000 -2.9494450909493358e-001  0.0000000000000000e+000
  0.0000000000000000e+000  0.0000000000000000e+000 -8.6394185201195151e-001  0.0000000000000000e+000  0.0000000000000000e+000 -4.4847502163540165e-001  0.0000000000000000e+000  0.0000000000000000e+000  0.0000000000000000e+000  2.2907341904133122e-001
  7.7081159798791188e-001  0.0000000000000000e+000  0.0000000000000000e+000  5.1772658633138402e-001  0.0000000000000000e+000  0.0000000000000000e+000  1.6552644963713226e-001  3.3227948579998001e-001  0.0000000000000000e+000  0.0000000000000000e+000
  9.7707632457913834e-002  0.0000000000000000e+000  0.0000000000000000e+000  2.7194746515632701e-001  0.0000000000000000e+000  0.0000000000000000e+000 -9.3984172322073700e-001 -1.8219585628655857e-001  0.0000000000000000e+000  0.0000000000000000e+000
  0.0000000000000000e+000  4.0847176640518701e-001  0.0000000000000000e+000  0.0000000000000000e+000 -8.4085812135166582e-001  0.0000000000000000e+000  0.0000000000000000e+000  0.0000000000000000e+000  1.1928771455820948e+000  0.0000000000000000e+000
  0.0000000000000000e+000  0.0000000000000000e+000 -4.6381055601063714e-001  0.0000000000000000e+000  0.0000000000000000e+000  5.3141052658462262e-001  0.0000000000000000e+000  0.0000000000000000e+000  0.0000000000000000e+000 -7.0886008518476884e-001
  2.8698115411510966e-001  0.0000000000000000e+000 -3.3842244260266496e-001 -8.9450955655808895e-001 -5.4449249323171106e-002  0.0000000000000000e+000  0.0000000000000000e+000  0.0000000000000000e+000  0.0000000000000000e+000  0.0000000000000000e+000
  0.0000000000000000e+000 -9.4734096965142700e-001  0.0000000000000000e+000  0.0000000000000000e+000  0.0000000000000000e+000  0.0000000000000000e+000  7.9370860787847586e-001  0.0000000000000000e+000 -8.0176441247577612e-001  0.0000000000000000e+000
  5.5829825630896379e-001  0.0000000000000000e+000  2.1648227967057143e-001  4.8552300622440481e-002  7.9942551478875856e-001  0.0000000000000000e+000  0.0000000000000000e+000  0.0000000000000000e+000  0.0000000000000000e+000  0.0000000000000000e+000
  6.7038683568691526e-001  0.0000000000000000e+000 -4.9143928617183574e-001  4.2296603229167196e-001 -3.6078893285692915e-001  0.0000000000000000e+000  0.0000000000000000e+000  0.0000000000000000e+000  0.0000000000000000e+000  0.0000000000000000e+000
  3.9563412987609536e-001  0.0000000000000000e+000  7.7271799573867517e-001 -1.3636371532764768e-001 -4.7726876231409676e-001  0.0000000000000000e+000  0.0000000000000000e+000  0.0000000000000000e+000  0.0000000000000000e+000  0.0000000000000000e+000
  0.0000000000000000e+000  0.0000000000000000e+000  0.0000000000000000e+000  0.0000000000000000e+000  0.0000000000000000e+000  6.7844762154431659e-001  0.0000000000000000e+000 -9.5214274200396215e-002  0.0000000000000000e+000 -7.2845251513695208e-001
  0.0000000000000000e+000 -8.3916899826203151e-001  0.0000000000000000e+000  0.0000000000000000e+000  0.0000000000000000e+000  0.0000000000000000e+000 -1.5275306508953865e+000  0.0000000000000000e+000 -4.9102885312328826e-001  0.0000000000000000e+000
  0.0000000000000000e+000  0.0000000000000000e+000  0.0000000000000000e+000  0.0000000000000000e+000  0.0000000000000000e+000  4.8592586705042989e-001  0.0000000000000000e+000  8.0183322429162529e-001  0.0000000000000000e+000  3.4776361533861433e-001
  0.0000000000000000e+000  1.4375877342362555e+000  0.0000000000000000e+000  0.0000000000000000e+000  0.0000000000000000e+000  0.0000000000000000e+000 -3.6631985755946866e-002  0.0000000000000000e+000 -4.6197580689655965e-001  0.0000000000000000e+000
  0.0000000000000000e+000  0.0000000000000000e+000  0.0000000000000000e+000  0.0000000000000000e+000  0.0000000000000000e+000 -5.5098536872783455e-001  0.0000000000000000e+000  5.8991331770912536e-001  0.0000000000000000e+000 -5.9026892264226882e-001
  1.0558176082805928e+000  0.0000000000000000e+000 -5.4592666022525393e-001  1.0403655484646273e+000  0.0000000000000000e+000  0.0000000000000000e+000  0.0000000000000000e+000  0.0000000000000000e+000  0.0000000000000000e+000  0.0000000000000000e+000
  0.0000000000000000e+000  8.1273982111342136e-001  0.0000000000000000e+000  0.0000000000000000e+000  0.0000000000000000e+000 -1.8153237481623954e-001  5.4852021657806582e-001  0.0000000000000000e+000 -7.5003680411362905e-002  0.0000000000000000e+000
 -4.8368972397162591e-002  0.0000000000000000e+000  1.2360908751962962e+000  1.2180632625556209e+000  0.0000000000000000e+000  0.0000000000000000e+000  0.0000000000000000e+000  0.0000000000000000e+000  0.0000000000000000e+000  0.0000000000000000e+000
 -3.4270619667046642e-001  0.0000000000000000e+000 -1.3901211033725651e+000  8.7979995515503373e-001  0.0000000000000000e+000  0.0000000000000000e+000  0.0000000000000000e+000  0.0000000000000000e+000  0.0000000000000000e+000  0.0000000000000000e+000
  0.0000000000000000e+000  0.0000000000000000e+000  0.0000000000000000e+000  0.0000000000000000e+000 -1.4885293145456044e-001  0.0000000000000000e+000  0.0000000000000000e+000  9.2988155168084474e-001  0.0000000000000000e+000 -3.3639724232075419e-001
  0.0000000000000000e+000 -1.4230951134754399e-001  0.0000000000000000e+000  0.0000000000000000e+000  0.0000000000000000e+000  7.3159886143965935e-001  3.7787197022921371e-001  0.0000000000000000e+000 -5.4929398598137802e-001  0.0000000000000000e+000
  0.0000000000000000e+000  2.1542759778560519e-001  0.0000000000000000e+000  0.0000000000000000e+000  0.0000000000000000e+000  6.1646589761401482e-001 -1.1634283065515810e-002  0.0000000000000000e+000  7.5724856596022827e-001  0.0000000000000000e+000
  0.0000000000000000e+000  0.0000000000000000e+000  0.0000000000000000e+000  0.0000000000000000e+000 -1.6102090953549728e-001  0.0000000000000000e+000  0.0000000000000000e+000  3.1285394889090018e-001  0.0000000000000000e+000  9.3605270864184309e-001
  0.0000000000000000e+000  5.2229583213813857e-001  0.0000000000000000e+000  0.0000000000000000e+000  0.0000000000000000e+000  2.2754977458287523e-001 -7.4579017798426062e-001  0.0000000000000000e+000 -3.4528998572304076e-001  0.0000000000000000e+000
  0.0000000000000000e+000  0.0000000000000000e+000  0.0000000000000000e+000  0.0000000000000000e+000 -9.7566135082299188e-001  0.0000000000000000e+000  0.0000000000000000e+000 -1.9350117960104102e-001  0.0000000000000000e+000 -1.0316114580238356e-001
  7.9159986562049212e-001  0.0000000000000000e+000  0.0000000000000000e+000  0.0000000000000000e+000  0.0000000000000000e+000  0.0000000000000000e+000  5.1867858415853607e-001 -2.7700682008028904e-001  1.6616076767372351e-001  0.0000000000000000e+000
  0.0000000000000000e+000  6.1076889951032864e-001  0.0000000000000000e+000  0.0000000000000000e+000  3.4281044344201383e-001  1.1887980627725270e+000  0.0000000000000000e+000  0.0000000000000000e+000  0.0000000000000000e+000  0.0000000000000000e+000
  0.0000000000000000e+000  0.0000000000000000e+000 -7.1993877980685628e-001  7.3435935976724431e-002  0.0000000000000000e+000  0.0000000000000000e+000  0.0000000000000000e+000  0.0000000000000000e+000  0.0000000000000000e+000 -6.9014151928241296e-001
  0.0000000000000000e+000  0.0000000000000000e+000 -6.7957786570704848e-001  1.2733295399955408e-001  0.0000000000000000e+000  0.0000000000000000e+000  0.0000000000000000e+000  0.0000000000000000e+000  0.0000000000000000e+000  7.2246816072876219e-001
  0.0000000000000000e+000  1.2134022096530495e+000  0.0000000000000000e+000  0.0000000000000000e+000  9.1815017065192683e-001  2.7772200540269784e-002  0.0000000000000000e+000  0.0000000000000000e+000  0.0000000000000000e+000  0.0000000000000000e+000
  0.0000000000000000e+000  3.7923674954914510e-001  0.0000000000000000e+000  0.0000000000000000e+000 -1.4573068782424392e+000 -3.5181605377856584e-001  0.0000000000000000e+000  0.0000000000000000e+000  0.0000000000000000e+000  0.0000000000000000e+000
  1.4808840823545166e-001  0.0000000000000000e+000  0.0000000000000000e+000  0.0000000000000000e+000  0.0000000000000000e+000  0.0000000000000000e+000 -2.0314159608281868e-002  7.6264256981448442e-001  6.2931190118450742e-001  0.0000000000000000e+000
  2.6974201788909902e-001  0.0000000000000000e+000  0.0000000000000000e+000  0.0000000000000000e+000  0.0000000000000000e+000  0.0000000000000000e+000 -7.6503224232487965e-001 -4.1375477594111065e-001  4.1324556546247959e-001  0.0000000000000000e+000
 -5.2790029350344714e-001  0.0000000000000000e+000  0.0000000000000000e+000  0.0000000000000000e+000  0.0000000000000000e+000  0.0000000000000000e+000  3.8116338945139033e-001 -4.1285653406684369e-001  6.3685573950402241e-001  0.0000000000000000e+000
  0.0000000000000000e+000  0.0000000000000000e+000  1.4093288392446907e-001  9.8913774679413058e-001  0.0000000000000000e+000  0.0000000000000000e+000  0.0000000000000000e+000  0.0000000000000000e+000  0.0000000000000000e+000 -4.1766494894379849e-002
