  9.7094997809112082e-001  2.3928255273807958e-001
 -2.3928255273807975e-001  9.7094997809112105e-001
 -2.9156273763006013e-001  9.5655170797279188e-001
  9.5655170797279165e-001  2.9156273763005958e-001
  1.5165988926574347e-001  9.8843273822142430e-001
  9.8843273822142408e-001 -1.5165988926574320e-001
  5.2307716756112022e-001  8.5228532591863615e-001
  8.5228532591863615e-001 -5.2307716756112022e-001
 -6.9012294484977088e-001  7.2369214517768554e-001
 -7.2369214517768543e-001 -6.9012294484977066e-001
  6.8401194103021423e-001 -7.2947081129273339e-001
 -7.2947081129273328e-001 -6.8401194103021412e-001
 -9.1021834543205626e-001 -4.1412868004876241e-001
 -4.1412868004876197e-001  9.1021834543205604e-001
  9.9999765645082772e-001  2.1649694806520903e-003
 -2.1649694806516601e-003  9.9999765645082772e-001
 -9.2127572796214385e-001  3.8891005781262872e-001
  3.8891005781262850e-001  9.2127572796214363e-001
  2.7774084311052938e-001  9.6065603837599045e-001
 -9.6065603837599045e-001  2.7774084311052877e-001
