 -4.3851003052390114e-001 -3.9176983783979713e-001 -5.9418965523414302e-001  0.0000000000000000e+000  0.0000000000000000e+000  0.0000000000000000e+000  0.0000000000000000e+000 -5.4878411137863425e-001  0.0000000000000000e+000  0.0000000000000000e+000
 -1.1135753488602423e-001  7.0961454322819384e-001 -6.3926898383325748e-001  0.0000000000000000e+000  0.0000000000000000e+000  0.0000000000000000e+000  0.0000000000000000e+000  2.7455758188755508e-001  0.0000000000000000e+000  0.0000000000000000e+000
  5.8666963563828745e-001 -5.0248941422042237e-001 -4.8275652536269736e-001  0.0000000000000000e+000  0.0000000000000000e+000  0.0000000000000000e+000  0.0000000000000000e+000  4.1263696445688747e-001  0.0000000000000000e+000  0.0000000000000000e+000
  0.0000000000000000e+000  0.0000000000000000e+000  0.0000000000000000e+000 -2.9480215390310427e-002  0.0000000000000000e+000  7.9101817549427178e-001  6.1108196090070810e-001  0.0000000000000000e+000  0.0000000000000000e+000  0.0000000000000000e+000
  0.0000000000000000e+000  0.0000000000000000e+000  0.0000000000000000e+000  0.0000000000000000e+000  1.3254764481553964e+000  0.0000000000000000e+000  0.0000000000000000e+000  0.0000000000000000e+000  3.0995815379434261e-001  7.4388744823282171e-003
  0.0000000000000000e+000  0.0000000000000000e+000  0.0000000000000000e+000 -9.8918212720380505e-001  0.0000000000000000e+000  6.4801561125640839e-002 -1.3160348360220292e-001  0.0000000000000000e+000  0.0000000000000000e+000  0.0000000000000000e+000
  0.0000000000000000e+000  0.0000000000000000e+000  0.0000000000000000e+000  1.4369981252978814e-001  0.0000000000000000e+000  6.0835105302234271e-001 -7.8055067751268403e-001  0.0000000000000000e+000  0.0000000000000000e+000  0.0000000000000000e+000
 -6.7166002648219936e-001 -3.0077896002618931e-001  7.2249270870096582e-002  0.0000000000000000e+000  0.0000000000000000e+000  0.0000000000000000e+000  0.0000000000000000e+000  6.7319006891830457e-001  0.0000000000000000e+000  0.0000000000000000e+000
  0.0000000000000000e+000  0.0000000000000000e+000  0.0000000000000000e+000  0.0000000000000000e+000 -1.0503674347774341e+000  0.0000000000000000e+000  0.0000000000000000e+000  0.0000000000000000e+000  2.7818886960915257e-001 -1.4029448154585695e+000
  0.0000000000000000e+000  0.0000000000000000e+000  0.0000000000000000e+000  0.0000000000000000e+000  2.7394973548394946e-001  0.0000000000000000e+000  0.0000000000000000e+000  0.0000000000000000e+000 -1.8885883967813448e+000 -4.2201312245424455e-001
  8.0009007759911221e-001  0.0000000000000000e+000  5.1397847427660182e-001  0.0000000000000000e+000  0.0000000000000000e+000  2.2886262841783928e-001 -2.0809587459010692e-001  0.0000000000000000e+000  0.0000000000000000e+000  0.0000000000000000e+000
  0.0000000000000000e+000  4.9017428013432729e-001  0.0000000000000000e+000  0.0000000000000000e+000  4.6113642235966679e-001  0.0000000000000000e+000  0.0000000000000000e+000 -7.3965017073486894e-001  0.0000000000000000e+000  0.0000000000000000e+000
 -5.9358571898009727e-001  0.0000000000000000e+000  6.7816536997257226e-001  0.0000000000000000e+000  0.0000000000000000e+000  2.0504287406412969e-001 -3.8171343307298677e-001  0.0000000000000000e+000  0.0000000000000000e+000  0.0000000000000000e+000
  0.0000000000000000e+000  0.0000000000000000e+000  0.0000000000000000e+000 -7.6390001804951568e-001  0.0000000000000000e+000  0.0000000000000000e+000  0.0000000000000000e+000  0.0000000000000000e+000  1.6787049402097500e+000 -4.2127042154050054e-001
  0.0000000000000000e+000  6.4126436649133978e-003  0.0000000000000000e+000  0.0000000000000000e+000 -8.5047308913564168e-001  0.0000000000000000e+000  0.0000000000000000e+000 -5.2597946980590948e-001  0.0000000000000000e+000  0.0000000000000000e+000
 -8.5995856555308448e-002  0.0000000000000000e+000  1.6360233044511971e-001  0.0000000000000000e+000  0.0000000000000000e+000  6.2375790072388126e-001  7.5945050622985433e-001  0.0000000000000000e+000  0.0000000000000000e+000  0.0000000000000000e+000
  1.0796972059184881e-002  0.0000000000000000e+000  4.9915141632893933e-001  0.0000000000000000e+000  0.0000000000000000e+000 -7.1868310011696812e-001  4.8396889422506356e-001  0.0000000000000000e+000  0.0000000000000000e+000  0.0000000000000000e+000
  0.0000000000000000e+000  8.7160085652552044e-001  0.0000000000000000e+000  0.0000000000000000e+000 -2.5307849499593194e-001  0.0000000000000000e+000  0.0000000000000000e+000  4.1983713779818621e-001  0.0000000000000000e+000  0.0000000000000000e+000
  0.0000000000000000e+000  0.0000000000000000e+000  0.0000000000000000e+000 -4.4951678306136000e-001  0.0000000000000000e+000  0.0000000000000000e+000  0.0000000000000000e+000  0.0000000000000000e+000 -7.3476073184011081e-001 -1.6663509227642641e+000
  0.0000000000000000e+000  0.0000000000000000e+000  0.0000000000000000e+000  1.0913108831582876e+000  0.0000000000000000e+000  0.0000000000000000e+000  0.0000000000000000e+000  0.0000000000000000e+000 -1.2157535975667748e-001 -3.3154035226960521e-001
 -1.6609460080222642e+000  0.0000000000000000e+000  0.0000000000000000e+000  0.0000000000000000e+000  0.0000000000000000e+000  0.0000000000000000e+000  0.0000000000000000e+000  8.7236963605507978e-002  0.0000000000000000e+000 -5.9541925241409166e-002
  0.0000000000000000e+000  7.1500046988905719e-002  0.0000000000000000e+000  0.0000000000000000e+000 -7.3822270229023901e-001  0.0000000000000000e+000  0.0000000000000000e+000  0.0000000000000000e+000 -6.7075702389455549e-001  0.0000000000000000e+000
  0.0000000000000000e+000  0.0000000000000000e+000 -9.0333836004965784e-001  3.3269952774933548e-001  0.0000000000000000e+000  2.7028437107829806e-001  1.5400982078175002e-002  0.0000000000000000e+000  0.0000000000000000e+000  0.0000000000000000e+000
  0.0000000000000000e+000  0.0000000000000000e+000  1.3150695456898176e-002 -2.3039550302974554e-002  0.0000000000000000e+000  1.5358011239927041e-002  9.9953007449580578e-001  0.0000000000000000e+000  0.0000000000000000e+000  0.0000000000000000e+000
  0.0000000000000000e+000 -9.8104736738739740e-001  0.0000000000000000e+000  0.0000000000000000e+000 -1.7346863418869346e-001  0.0000000000000000e+000  0.0000000000000000e+000  0.0000000000000000e+000  8.6340580812072576e-002  0.0000000000000000e+000
  0.0000000000000000e+000  0.0000000000000000e+000  2.6559785219237175e-001  9.2893519830018667e-001  0.0000000000000000e+000 -2.5701947587377161e-001  2.1867036638820114e-002  0.0000000000000000e+000  0.0000000000000000e+000  0.0000000000000000e+000
  0.0000000000000000e+000  0.0000000000000000e+000 -3.3654813531290506e-001 -1.6080920594356093e-001  0.0000000000000000e+000 -9.2771303713116748e-001  1.4975734976065684e-002  0.0000000000000000e+000  0.0000000000000000e+000  0.0000000000000000e+000
  8.2005886742054268e-001  0.0000000000000000e+000  0.0000000000000000e+000  0.0000000000000000e+000  0.0000000000000000e+000  0.0000000000000000e+000  0.0000000000000000e+000 -2.6657828549700574e-001  0.0000000000000000e+000 -1.3254569331681230e+000
  0.0000000000000000e+000 -1.8009388169185861e-001  0.0000000000000000e+000  0.0000000000000000e+000  6.5187105686324687e-001  0.0000000000000000e+000  0.0000000000000000e+000  0.0000000000000000e+000 -7.3663445412304229e-001  0.0000000000000000e+000
 -3.3770006709474976e-001  0.0000000000000000e+000  0.0000000000000000e+000  0.0000000000000000e+000  0.0000000000000000e+000  0.0000000000000000e+000  0.0000000000000000e+000 -1.7037625273356309e+000  0.0000000000000000e+000 -4.2050687615016136e-001
 -4.3870547541291882e-001  0.0000000000000000e+000  0.0000000000000000e+000  9.2989489096922706e-001  0.0000000000000000e+000  0.0000000000000000e+000  5.0019177591368225e-001  0.0000000000000000e+000  0.0000000000000000e+000  0.0000000000000000e+000
  0.0000000000000000e+000 -7.7031773515734170e-001 -3.9531283451468960e-002  0.0000000000000000e+000  0.0000000000000000e+000  5.2942608903106225e-001  0.0000000000000000e+000  0.0000000000000000e+000 -3.5320798516457130e-001  0.0000000000000000e+000
  0.0000000000000000e+000 -5.5789443678864303e-001  2.0950465318537190e-001  0.0000000000000000e+000  0.0000000000000000e+000 -8.0296670998906727e-001  0.0000000000000000e+000  0.0000000000000000e+000 -1.0298560253445443e-002  0.0000000000000000e+000
  2.8684696311942537e-001  0.0000000000000000e+000  0.0000000000000000e+000 -5.6162522941532067e-001  0.0000000000000000e+000  0.0000000000000000e+000  1.0053744552615711e+000  0.0000000000000000e+000  0.0000000000000000e+000  0.0000000000000000e+000
  0.0000000000000000e+000  0.0000000000000000e+000  0.0000000000000000e+000  0.0000000000000000e+000 -4.1904664560927285e-002  0.0000000000000000e+000  0.0000000000000000e+000  9.5139397819647920e-001  0.0000000000000000e+000  3.0511227005729169e-001
  0.0000000000000000e+000 -3.0872992141031219e-001 -2.5832469356007959e-001  0.0000000000000000e+000  0.0000000000000000e+000  1.3549133726973916e-001  0.0000000000000000e+000  0.0000000000000000e+000  9.0531557252039496e-001  0.0000000000000000e+000
 -1.1107209997509586e+000  0.0000000000000000e+000  0.0000000000000000e+000 -1.5089097919523584e+000  0.0000000000000000e+000  0.0000000000000000e+000  1.5185182017478449e-001  0.0000000000000000e+000  0.0000000000000000e+000  0.0000000000000000e+000
  0.0000000000000000e+000  0.0000000000000000e+000  0.0000000000000000e+000  0.0000000000000000e+000 -2.6695223315010436e-001  0.0000000000000000e+000  0.0000000000000000e+000  2.8361678601004647e-001  0.0000000000000000e+000 -9.2103095708532146e-001
  0.0000000000000000e+000  7.0866020298213893e-003  9.4223852108659201e-001  0.0000000000000000e+000  0.0000000000000000e+000  2.3789614630646191e-001  0.0000000000000000e+000  0.0000000000000000e+000  2.3567302141899549e-001  0.0000000000000000e+000
  0.0000000000000000e+000  0.0000000000000000e+000  0.0000000000000000e+000  0.0000000000000000e+000 -9.6279826770939314e-001  0.0000000000000000e+000  0.0000000000000000e+000 -1.2004589516018238e-001  0.0000000000000000e+000  2.4209188080351318e-001
 -1.8210354982875043e-001  0.0000000000000000e+000  0.0000000000000000e+000  9.7133337455985447e-001  0.0000000000000000e+000  0.0000000000000000e+000  0.0000000000000000e+000  0.0000000000000000e+000  0.0000000000000000e+000 -1.5280632384143367e-001
  0.0000000000000000e+000  4.5204442850972354e-001 -1.2477603890643241e+000  0.0000000000000000e+000  0.0000000000000000e+000  0.0000000000000000e+000  0.0000000000000000e+000  3.7105760696438289e-001  0.0000000000000000e+000  0.0000000000000000e+000
  0.0000000000000000e+000  9.1128205237748161e-001 -4.6102579629337181e-001  0.0000000000000000e+000  0.0000000000000000e+000  0.0000000000000000e+000  0.0000000000000000e+000 -7.3890923593761626e-001  0.0000000000000000e+000  0.0000000000000000e+000
  8.8665683881306978e-001  0.0000000000000000e+000  0.0000000000000000e+000  2.2939405097242344e-001  0.0000000000000000e+000  0.0000000000000000e+000  0.0000000000000000e+000  0.0000000000000000e+000  0.0000000000000000e+000  4.0151963783166944e-001
  0.0000000000000000e+000  0.0000000000000000e+000  0.0000000000000000e+000  0.0000000000000000e+000 -8.4151102381027887e-001  3.2908960638097007e-002 -3.9634157138092163e-001  0.0000000000000000e+000  3.6563582416223650e-001  0.0000000000000000e+000
  0.0000000000000000e+000  0.0000000000000000e+000  0.0000000000000000e+000  0.0000000000000000e+000  4.3182941932146857e-001  1.8275769222583443e-001 -9.1223494368649294e-002  0.0000000000000000e+000  8.7852219813499510e-001  0.0000000000000000e+000
  0.0000000000000000e+000  0.0000000000000000e+000  0.0000000000000000e+000  0.0000000000000000e+000 -2.2895295278544703e-001  7.9885130614676791e-001  5.5623754837327599e-001  0.0000000000000000e+000  4.1141047768993577e-003  0.0000000000000000e+000
  0.0000000000000000e+000 -1.5396447958434278e+000  2.2245796917583549e-002  0.0000000000000000e+000  0.0000000000000000e+000  0.0000000000000000e+000  0.0000000000000000e+000 -6.8189285003586220e-001  0.0000000000000000e+000  0.0000000000000000e+000
  0.0000000000000000e+000  0.0000000000000000e+000  0.0000000000000000e+000  0.0000000000000000e+000 -2.3013712178847723e-001 -5.7214789775862185e-001  7.2470091944895587e-001  0.0000000000000000e+000  3.0739594274346449e-001  0.0000000000000000e+000
 -4.2506228640727672e-001  0.0000000000000000e+000  0.0000000000000000e+000  6.2368620672790837e-002  0.0000000000000000e+000  0.0000000000000000e+000  0.0000000000000000e+000  0.0000000000000000e+000  0.0000000000000000e+000  9.0301285031254763e-001
  5.0855349364806612e-001  0.0000000000000000e+000  0.0000000000000000e+000  3.4534448210278790e-001  0.0000000000000000e+000  7.7893174728019821e-001  0.0000000000000000e+000  0.0000000000000000e+000  0.0000000000000000e+000 -1.2399945910575860e-001
  0.0000000000000000e+000 -5.3567534433791264e-001 -3.6323061520333921e-001  0.0000000000000000e+000  7.6230928477059900e-001  0.0000000000000000e+000  0.0000000000000000e+000  0.0000000000000000e+000  0.0000000000000000e+000  0.0000000000000000e+000
  0.0000000000000000e+000  5.9450775889497698e-001 -8.0332841881270067e-001  0.0000000000000000e+000  3.4985370393318060e-002  0.0000000000000000e+000  0.0000000000000000e+000  0.0000000000000000e+000  0.0000000000000000e+000  0.0000000000000000e+000
 -3.0408834082627811e-001  0.0000000000000000e+000  0.0000000000000000e+000 -1.4951173453840755e-001  0.0000000000000000e+000  4.0035848813610536e-001  0.0000000000000000e+000  0.0000000000000000e+000  0.0000000000000000e+000  8.5140448858706985e-001
  0.0000000000000000e+000 -5.9967695476992466e-001 -4.7193958480603232e-001  0.0000000000000000e+000 -6.4626664637050601e-001  0.0000000000000000e+000  0.0000000000000000e+000  0.0000000000000000e+000  0.0000000000000000e+000  0.0000000000000000e+000
  5.2996032515205360e-001  0.0000000000000000e+000  0.0000000000000000e+000 -8.4699861963829548e-001  0.0000000000000000e+000  3.3467615605899635e-002  0.0000000000000000e+000  0.0000000000000000e+000  0.0000000000000000e+000  2.4805459100919913e-002
  0.0000000000000000e+000  0.0000000000000000e+000  0.0000000000000000e+000  0.0000000000000000e+000  0.0000000000000000e+000  0.0000000000000000e+000  1.6354300700089472e+000 -8.8015540417326543e-001  1.2725590593576686e-001  0.0000000000000000e+000
  0.0000000000000000e+000  0.0000000000000000e+000  0.0000000000000000e+000  0.0000000000000000e+000  0.0000000000000000e+000  0.0000000000000000e+000 -2.1062615710213328e-001 -2.6171839675332509e-001 -1.8765926058353581e+000  0.0000000000000000e+000
  0.0000000000000000e+000  0.0000000000000000e+000  0.0000000000000000e+000  0.0000000000000000e+000  0.0000000000000000e+000  0.0000000000000000e+000 -4.0574609378562748e-002 -1.2412398793974337e+000 -4.3320171413985920e-002  0.0000000000000000e+000
 -6.0666768402198357e-001  0.0000000000000000e+000  0.0000000000000000e+000 -3.7546873138424730e-001  0.0000000000000000e+000  4.8151670039786248e-001  0.0000000000000000e+000  0.0000000000000000e+000  0.0000000000000000e+000 -5.0903754297110704e-001
 -1.0843372054415159e+000  0.0000000000000000e+000  0.0000000000000000e+000 -9.6209168509121257e-001  0.0000000000000000e+000  0.0000000000000000e+000 -2.3934512360211530e-001  0.0000000000000000e+000  0.0000000000000000e+000  0.0000000000000000e+000
  0.0000000000000000e+000 -4.8429128809813871e-001  8.5126514643358853e-001  0.0000000000000000e+000  0.0000000000000000e+000  0.0000000000000000e+000  0.0000000000000000e+000  0.0000000000000000e+000  2.0201385779111034e-001  0.0000000000000000e+000
  0.0000000000000000e+000  6.4394067837558788e-001  5.0312245266460587e-001  0.0000000000000000e+000  0.0000000000000000e+000  0.0000000000000000e+000  0.0000000000000000e+000  0.0000000000000000e+000 -5.7637505181777171e-001  0.0000000000000000e+000
  1.4545681967890162e-001  0.0000000000000000e+000  0.0000000000000000e+000  6.2223053546777529e-001  0.0000000000000000e+000  0.0000000000000000e+000 -1.8789019261350914e+000  0.0000000000000000e+000  0.0000000000000000e+000  0.0000000000000000e+000
  0.0000000000000000e+000  0.0000000000000000e+000  0.0000000000000000e+000  0.0000000000000000e+000  1.8282671354301117e-002  7.1662358816618454e-001  0.0000000000000000e+000 -6.9622333812035964e-001  0.0000000000000000e+000 -3.7275196425354970e-002
  0.0000000000000000e+000  0.0000000000000000e+000  0.0000000000000000e+000  0.0000000000000000e+000 -8.7205625647086760e-001  3.4399540321064215e-001  0.0000000000000000e+000  3.3604119311689612e-001  0.0000000000000000e+000 -9.0892049424314808e-002
 -4.3356841412898139e-001  0.0000000000000000e+000  0.0000000000000000e+000  9.9119919537693646e-001  0.0000000000000000e+000  0.0000000000000000e+000  4.3146189592040879e-001  0.0000000000000000e+000  0.0000000000000000e+000  0.0000000000000000e+000
  0.0000000000000000e+000  0.0000000000000000e+000  0.0000000000000000e+000  0.0000000000000000e+000  2.7385610198610971e-001  2.0004401068677527e-001  0.0000000000000000e+000  2.6147851738147471e-001  0.0000000000000000e+000 -9.0366709254088828e-001
  0.0000000000000000e+000 -5.9228570049042495e-001 -1.4904847564518306e-001  0.0000000000000000e+000  0.0000000000000000e+000  0.0000000000000000e+000  0.0000000000000000e+000  0.0000000000000000e+000 -7.9182207654397596e-001  0.0000000000000000e+000
  0.0000000000000000e+000  0.0000000000000000e+000  0.0000000000000000e+000  0.0000000000000000e+000  4.0519929032899854e-001  5.7280030485512812e-001  0.0000000000000000e+000  5.7790861295978146e-001  0.0000000000000000e+000  4.1681528395874345e-001
  4.9241537201668195e-001  1.8880644862742887e-001  0.0000000000000000e+000  0.0000000000000000e+000  0.0000000000000000e+000 -3.8691869440650867e-001  0.0000000000000000e+000  0.0000000000000000e+000  7.5642127830801631e-001  0.0000000000000000e+000
  8.1236974213789045e-002  1.3678395046754116e-001  0.0000000000000000e+000  0.0000000000000000e+000  0.0000000000000000e+000  9.1152368412004059e-001  0.0000000000000000e+000  0.0000000000000000e+000  3.7922984877684635e-001  0.0000000000000000e+000
  0.0000000000000000e+000  0.0000000000000000e+000 -7.2872631559020540e-001  0.0000000000000000e+000  1.1099178275270112e+000  0.0000000000000000e+000  0.0000000000000000e+000  0.0000000000000000e+000  0.0000000000000000e+000 -4.1945125054507698e-001
  0.0000000000000000e+000  0.0000000000000000e+000  0.0000000000000000e+000  9.1890620147392399e-001  0.0000000000000000e+000  0.0000000000000000e+000 -3.6041416553860062e-001  1.6035280531340268e-001  0.0000000000000000e+000  0.0000000000000000e+000
  0.0000000000000000e+000  0.0000000000000000e+000  6.8864300354151764e-001  0.0000000000000000e+000  6.7000237269892471e-001  0.0000000000000000e+000  0.0000000000000000e+000  0.0000000000000000e+000  0.0000000000000000e+000  3.0767212487202683e-001
  1.4529210187512370e-001 -9.7147307975076047e-001  0.0000000000000000e+000  0.0000000000000000e+000  0.0000000000000000e+000  5.8787585599272441e-002  0.0000000000000000e+000  0.0000000000000000e+000  1.7797269518577752e-001  0.0000000000000000e+000
  0.0000000000000000e+000  0.0000000000000000e+000  0.0000000000000000e+000 -3.6552392377145443e-002  0.0000000000000000e+000  0.0000000000000000e+000 -4.8254101346748307e-001 -8.7511033186294951e-001  0.0000000000000000e+000  0.0000000000000000e+000
  0.0000000000000000e+000  0.0000000000000000e+000  0.0000000000000000e+000  3.9277896520087680e-001  0.0000000000000000e+000  0.0000000000000000e+000  7.9828303226417674e-001 -4.5658392973783085e-001  0.0000000000000000e+000  0.0000000000000000e+000
  8.5429377883428936e-001  4.3385840671398945e-002  0.0000000000000000e+000  0.0000000000000000e+000  0.0000000000000000e+000  1.2634285490837727e-001  0.0000000000000000e+000  0.0000000000000000e+000 -5.0233185374597444e-001  0.0000000000000000e+000
  0.0000000000000000e+000  0.0000000000000000e+000  1.0087668135801415e+000  0.0000000000000000e+000 -6.2730987614337375e-001  0.0000000000000000e+000  0.0000000000000000e+000  0.0000000000000000e+000  0.0000000000000000e+000 -1.5032025949029895e+000
  5.4565769935907904e-001  0.0000000000000000e+000  0.0000000000000000e+000  0.0000000000000000e+000  0.0000000000000000e+000  0.0000000000000000e+000  0.0000000000000000e+000  6.6776367357908339e-001  0.0000000000000000e+000 -5.0630954106981263e-001
  0.0000000000000000e+000  3.4366124397974501e-001 -1.0141961463591678e+000  0.0000000000000000e+000  0.0000000000000000e+000  8.0410280733904660e-001  0.0000000000000000e+000  0.0000000000000000e+000  0.0000000000000000e+000  0.0000000000000000e+000
  0.0000000000000000e+000  1.2713112332855330e+000  6.7696066812842748e-001  0.0000000000000000e+000  0.0000000000000000e+000  1.1165454566765443e+000  0.0000000000000000e+000  0.0000000000000000e+000  0.0000000000000000e+000  0.0000000000000000e+000
  0.0000000000000000e+000  0.0000000000000000e+000  0.0000000000000000e+000  9.3932817484159714e-002  6.9735751688859426e-002  0.0000000000000000e+000  9.4172798211586040e-001  0.0000000000000000e+000 -3.1537590021412065e-001  0.0000000000000000e+000
  0.0000000000000000e+000  0.0000000000000000e+000  0.0000000000000000e+000  7.4684704132357094e-001  6.4437047618124144e-001  0.0000000000000000e+000 -7.2884941398044301e-002  0.0000000000000000e+000  1.4728873551494687e-001  0.0000000000000000e+000
  0.0000000000000000e+000 -1.3032128144599555e+000 -4.5401076905732779e-001  0.0000000000000000e+000  0.0000000000000000e+000  1.1914737624301914e+000  0.0000000000000000e+000  0.0000000000000000e+000  0.0000000000000000e+000  0.0000000000000000e+000
  0.0000000000000000e+000  0.0000000000000000e+000  0.0000000000000000e+000  6.5555547913350010e-001 -7.5395790536600693e-001  0.0000000000000000e+000 -2.1734200085255242e-002  0.0000000000000000e+000 -3.6360902915133719e-002  0.0000000000000000e+000
 -7.7891067110516210e-001  0.0000000000000000e+000  0.0000000000000000e+000  0.0000000000000000e+000  0.0000000000000000e+000  0.0000000000000000e+000  0.0000000000000000e+000  6.2701050083140575e-001  0.0000000000000000e+000 -1.2489927367903719e-002
  0.0000000000000000e+000  0.0000000000000000e+000  0.0000000000000000e+000 -6.0358399943696961e-002 -1.0710318061781393e-001  0.0000000000000000e+000  3.2766418413376719e-001  0.0000000000000000e+000  9.3676141823504755e-001  0.0000000000000000e+000
 -3.0912107913997477e-001  0.0000000000000000e+000  0.0000000000000000e+000  0.0000000000000000e+000  0.0000000000000000e+000  0.0000000000000000e+000  0.0000000000000000e+000 -4.0118512945436702e-001  0.0000000000000000e+000 -8.6226135848478114e-001
  5.8479009792227854e-001  0.0000000000000000e+000  0.0000000000000000e+000  0.0000000000000000e+000  0.0000000000000000e+000 -1.8678815402344587e-001  3.7085497383853078e-001  0.0000000000000000e+000  6.9684812927049700e-001  0.0000000000000000e+000
  0.0000000000000000e+000  1.2789648996275764e+000  0.0000000000000000e+000  0.0000000000000000e+000  1.1010659585627027e+000  0.0000000000000000e+000  0.0000000000000000e+000  0.0000000000000000e+000  0.0000000000000000e+000 -4.9268568323654649e-001
  0.0000000000000000e+000  0.0000000000000000e+000 -3.0328972637977997e-001 -9.5075224944549264e-001  0.0000000000000000e+000  0.0000000000000000e+000  0.0000000000000000e+000  6.3917932122477608e-002  0.0000000000000000e+000  0.0000000000000000e+000
  0.0000000000000000e+000  0.0000000000000000e+000  7.0704649628924088e-001 -2.6950182035598713e-001  0.0000000000000000e+000  0.0000000000000000e+000  0.0000000000000000e+000 -6.5379967949664608e-001  0.0000000000000000e+000  0.0000000000000000e+000
  0.0000000000000000e+000  3.6103227615057132e-001  0.0000000000000000e+000  0.0000000000000000e+000 -1.3351641709006201e+000  0.0000000000000000e+000  0.0000000000000000e+000  0.0000000000000000e+000  0.0000000000000000e+000 -2.1063898248535717e-001
  3.1347828796439103e-001  0.0000000000000000e+000  0.0000000000000000e+000  0.0000000000000000e+000  0.0000000000000000e+000  5.1204990302798925e-001  6.4694098859264504e-001  0.0000000000000000e+000 -4.7011021799436703e-001  0.0000000000000000e+000
  6.7504049166347369e-001  0.0000000000000000e+000  0.0000000000000000e+000  0.0000000000000000e+000  0.0000000000000000e+000  2.9845289424688226e-001 -6.6115070696811362e-001  0.0000000000000000e+000 -1.3463263796702055e-001  0.0000000000000000e+000
  0.0000000000000000e+000  0.0000000000000000e+000 -6.3882751502857715e-001  1.5309777594447394e-001  0.0000000000000000e+000  0.0000000000000000e+000  0.0000000000000000e+000 -7.5396318016417052e-001  0.0000000000000000e+000  0.0000000000000000e+000
  3.2260229224495995e-001  0.0000000000000000e+000  0.0000000000000000e+000  0.0000000000000000e+000  0.0000000000000000e+000 -7.8348002670214878e-001  8.2545068499318502e-002  0.0000000000000000e+000 -5.2466476960392372e-001  0.0000000000000000e+000
  0.0000000000000000e+000  7.8942314414244374e-001  0.0000000000000000e+000  0.0000000000000000e+000 -7.1132052947589264e-001  0.0000000000000000e+000  0.0000000000000000e+000  0.0000000000000000e+000  0.0000000000000000e+000  1.1104400958087473e+000
