 -7.4381523082730328e-001 -6.6838529486316933e-001
  6.6838529486316922e-001 -7.4381523082730316e-001
  4.9307882354260424e-002 -9.9878362658672903e-001
 -9.9878362658672892e-001 -4.9307882354260646e-002
 -9.2368720885811673e-001  3.8314741313481665e-001
  3.8314741313481682e-001  9.2368720885811673e-001
 -4.3848374341207713e-001 -8.9873912052571270e-001
  8.9873912052571270e-001 -4.3848374341207735e-001
  5.4996117723482107e-001  8.3519021997057030e-001
  8.3519021997057030e-001 -5.4996117723482119e-001
  5.0135354903697393e-001 -8.6524252026124493e-001
 -8.6524252026124460e-001 -5.0135354903697371e-001
 -4.2209059234381319e-001  9.0655365635733287e-001
  9.0655365635733287e-001  4.2209059234381308e-001
  9.7319464571143188e-001  2.2998300276020489e-001
  2.2998300276020500e-001 -9.7319464571143199e-001
 -7.0267793681718160e-001 -7.1150805835938957e-001
  7.1150805835938957e-001 -7.0267793681718183e-001
  8.9561254178594085e-001 -4.4483499749426880e-001
 -4.4483499749426908e-001 -8.9561254178594107e-001
