  8.9125593663171365e-001  4.5350066749534890e-001
  4.5350066749534879e-001 -8.9125593663171365e-001
 -9.4356197592267554e-001  3.3119601083481665e-001
  3.3119601083481603e-001  9.4356197592267610e-001
 -9.6969600308466219e-001 -2.4431467741752777e-001
  2.4431467741752794e-001 -9.6969600308466242e-001
 -4.5563431511875352e-001  8.9016704661892787e-001
  8.9016704661892776e-001  4.5563431511875352e-001
  8.9547015122329432e-001 -4.4512156571913952e-001
  4.4512156571958911e-001  8.9547015122292817e-001
  6.7604600668601217e-002 -9.9771219195138583e-001
  9.9771219195138594e-001  6.7604600668601023e-002
  6.3729300813560374e-002 -9.9796722201574073e-001
 -9.9796722201574095e-001 -6.3729300813560152e-002
 -4.1188119434046788e-001 -9.1123755505832260e-001
 -9.1123755505832271e-001  4.1188119434046810e-001
  9.6118919577359763e-001  2.7589006855648951e-001
  2.7589006855648973e-001 -9.6118919577359763e-001
  8.5219705943194646e-001 -5.2322095896049825e-001
 -5.2322095896049792e-001 -8.5219705943194657e-001
