  1.6961396687512914e-001  0.0000000000000000e+000  0.0000000000000000e+000  0.0000000000000000e+000 -1.9410316969857830e-001  0.0000000000000000e+000  0.0000000000000000e+000  0.0000000000000000e+000 -4.9049039466249411e-001  8.3245073998265995e-001
  0.0000000000000000e+000 -1.3726304903231139e+000  0.0000000000000000e+000  0.0000000000000000e+000  0.0000000000000000e+000  1.1304277585095142e+000  0.0000000000000000e+000  5.1290194372832865e-001  0.0000000000000000e+000  0.0000000000000000e+000
  0.0000000000000000e+000  0.0000000000000000e+000  5.6022438024121846e-001  7.6889504621773475e-001  0.0000000000000000e+000  0.0000000000000000e+000  3.0813803998398237e-001  0.0000000000000000e+000  0.0000000000000000e+000  0.0000000000000000e+000
  0.0000000000000000e+000  0.0000000000000000e+000 -7.6869373927689721e-001  6.2117939695997748e-001  0.0000000000000000e+000  0.0000000000000000e+000 -1.5246669140812374e-001  0.0000000000000000e+000  0.0000000000000000e+000  0.0000000000000000e+000
  5.7156860919342145e-001  0.0000000000000000e+000  0.0000000000000000e+000  0.0000000000000000e+000  5.7923045624869307e-001  0.0000000000000000e+000  0.0000000000000000e+000  0.0000000000000000e+000 -5.0869322853213284e-001 -2.8112737821881295e-001
  0.0000000000000000e+000 -4.4702344485701972e-001  0.0000000000000000e+000  0.0000000000000000e+000  0.0000000000000000e+000  1.6796170808871369e-001  0.0000000000000000e+000 -9.1349470137346711e-001  0.0000000000000000e+000  0.0000000000000000e+000
  0.0000000000000000e+000  0.0000000000000000e+000  3.0863988559459388e-001  1.5144822446719625e-001  0.0000000000000000e+000  0.0000000000000000e+000 -9.3904465086911049e-001  0.0000000000000000e+000  0.0000000000000000e+000  0.0000000000000000e+000
  0.0000000000000000e+000  1.0967516031880133e+000  0.0000000000000000e+000  0.0000000000000000e+000  0.0000000000000000e+000  1.6230922956969438e+000  0.0000000000000000e+000 -5.0526848579411504e-002  0.0000000000000000e+000  0.0000000000000000e+000
 -2.5683997293201760e-001  0.0000000000000000e+000  0.0000000000000000e+000  0.0000000000000000e+000 -5.4366031103365287e-001  0.0000000000000000e+000  0.0000000000000000e+000  0.0000000000000000e+000 -6.5365073280220076e-001 -4.5957307799545671e-001
 -7.6064029312800718e-001  0.0000000000000000e+000  0.0000000000000000e+000  0.0000000000000000e+000  5.7554279100140526e-001  0.0000000000000000e+000  0.0000000000000000e+000  0.0000000000000000e+000 -2.7090790224083905e-001  1.2955982672078697e-001
 -6.7377100315023486e-001  0.0000000000000000e+000  0.0000000000000000e+000  0.0000000000000000e+000  0.0000000000000000e+000  0.0000000000000000e+000 -1.5040806974573562e-001  7.2347083415248237e-001  0.0000000000000000e+000  0.0000000000000000e+000
  0.0000000000000000e+000  3.9161351095474473e-001  0.0000000000000000e+000  0.0000000000000000e+000  1.0274625759814500e+000  0.0000000000000000e+000  0.0000000000000000e+000  0.0000000000000000e+000  0.0000000000000000e+000 -1.3096267738477979e-001
  0.0000000000000000e+000  0.0000000000000000e+000  7.2319300711518242e-001  4.7273933887307562e-001  0.0000000000000000e+000  2.9551183246735357e-001  0.0000000000000000e+000  0.0000000000000000e+000  4.0765444780271265e-001  0.0000000000000000e+000
  0.0000000000000000e+000  0.0000000000000000e+000  1.4109252941588551e-001  6.0547602092336605e-001  0.0000000000000000e+000 -5.6369114410138621e-001  0.0000000000000000e+000  0.0000000000000000e+000 -5.4382348265912883e-001  0.0000000000000000e+000
  0.0000000000000000e+000  7.0405673153661841e-001  0.0000000000000000e+000  0.0000000000000000e+000 -6.1301930171458052e-001  0.0000000000000000e+000  0.0000000000000000e+000  0.0000000000000000e+000  0.0000000000000000e+000 -1.1513398476813848e+000
  0.0000000000000000e+000  0.0000000000000000e+000 -6.3874252877321547e-001  5.6364589467462234e-001  0.0000000000000000e+000 -5.6761908564648314e-002  0.0000000000000000e+000  0.0000000000000000e+000  5.2066243679464852e-001  0.0000000000000000e+000
  4.0429931402241648e-001  0.0000000000000000e+000  0.0000000000000000e+000  0.0000000000000000e+000  0.0000000000000000e+000  0.0000000000000000e+000  7.4448618900946872e-001  5.3130253063124067e-001  0.0000000000000000e+000  0.0000000000000000e+000
  6.1852623226095238e-001  0.0000000000000000e+000  0.0000000000000000e+000  0.0000000000000000e+000  0.0000000000000000e+000  0.0000000000000000e+000 -6.5047500100274391e-001  4.4080332697876784e-001  0.0000000000000000e+000  0.0000000000000000e+000
  0.0000000000000000e+000  0.0000000000000000e+000 -2.2156884830482187e-001  3.0367681996671991e-001  0.0000000000000000e+000  7.6922242340532110e-001  0.0000000000000000e+000  0.0000000000000000e+000 -5.1670542653064977e-001  0.0000000000000000e+000
  0.0000000000000000e+000  7.0895451680718291e-001  0.0000000000000000e+000  0.0000000000000000e+000  3.1866906328306777e-001  0.0000000000000000e+000  0.0000000000000000e+000  0.0000000000000000e+000  0.0000000000000000e+000  1.4800545622649435e+000
 -9.0642805434308371e-001 -6.7539346220067423e-002  0.0000000000000000e+000 -4.1692519594284272e-001  0.0000000000000000e+000  0.0000000000000000e+000  0.0000000000000000e+000  0.0000000000000000e+000  0.0000000000000000e+000  0.0000000000000000e+000
 -4.1465285504699756e-001  3.3002191790264168e-001  0.0000000000000000e+000  8.4802626345251586e-001  0.0000000000000000e+000  0.0000000000000000e+000  0.0000000000000000e+000  0.0000000000000000e+000  0.0000000000000000e+000  0.0000000000000000e+000
  0.0000000000000000e+000  0.0000000000000000e+000  8.3085534535075023e-001  0.0000000000000000e+000  3.8143189653527659e-001  0.0000000000000000e+000  0.0000000000000000e+000  0.0000000000000000e+000  1.6698575661039321e+000  0.0000000000000000e+000
 -8.0319313375962320e-002 -9.4155401885182743e-001  0.0000000000000000e+000  3.2714650767322340e-001  0.0000000000000000e+000  0.0000000000000000e+000  0.0000000000000000e+000  0.0000000000000000e+000  0.0000000000000000e+000  0.0000000000000000e+000
  0.0000000000000000e+000  0.0000000000000000e+000 -1.1699962308210370e+000  0.0000000000000000e+000 -4.9649305487612871e-002  0.0000000000000000e+000  0.0000000000000000e+000  0.0000000000000000e+000  7.0618465530409819e-002  0.0000000000000000e+000
  0.0000000000000000e+000  0.0000000000000000e+000  0.0000000000000000e+000  0.0000000000000000e+000  0.0000000000000000e+000 -2.6083949576344506e-001 -5.0643942854730140e-001 -4.8514280645438834e-001  0.0000000000000000e+000 -6.6341413913792502e-001
  0.0000000000000000e+000  0.0000000000000000e+000  0.0000000000000000e+000  0.0000000000000000e+000  0.0000000000000000e+000  7.5610907595431542e-001 -4.7387342198724292e-001 -3.3120683433379772e-001  0.0000000000000000e+000  3.0666769977321839e-001
  0.0000000000000000e+000  0.0000000000000000e+000  0.0000000000000000e+000  0.0000000000000000e+000  0.0000000000000000e+000 -2.0413684006361460e-001 -7.0552567181962766e-001  6.6567552234366978e-001  0.0000000000000000e+000  1.3205217107184314e-001
  0.0000000000000000e+000  0.0000000000000000e+000  2.2157792863685416e-001  0.0000000000000000e+000 -9.5268296717078305e-001  0.0000000000000000e+000  0.0000000000000000e+000  0.0000000000000000e+000  3.6772372905567469e-001  0.0000000000000000e+000
  0.0000000000000000e+000  0.0000000000000000e+000  0.0000000000000000e+000  0.0000000000000000e+000  0.0000000000000000e+000 -5.6443774965732540e-001 -1.4559056133639264e-001 -4.6023319001200580e-001  0.0000000000000000e+000  6.6962588512011767e-001
 -4.4449111171762895e-001  0.0000000000000000e+000  6.0584571650780283e-001  0.0000000000000000e+000 -6.3438178983575622e-001  0.0000000000000000e+000  0.0000000000000000e+000 -1.8148929477508163e-001  0.0000000000000000e+000  0.0000000000000000e+000
  0.0000000000000000e+000  7.0557547397610310e-001  0.0000000000000000e+000  0.0000000000000000e+000  0.0000000000000000e+000  0.0000000000000000e+000 -7.0548608424513093e-001  0.0000000000000000e+000  0.0000000000000000e+000 -6.6728071003659142e-002
  2.3310818885958345e-001  0.0000000000000000e+000  4.6672453485632320e-001  0.0000000000000000e+000  3.8577994748335571e-002  0.0000000000000000e+000  0.0000000000000000e+000  8.5225613472180450e-001  0.0000000000000000e+000  0.0000000000000000e+000
  0.0000000000000000e+000  0.0000000000000000e+000  0.0000000000000000e+000 -1.2405979556118440e+000  0.0000000000000000e+000 -9.5581174956947046e-001  0.0000000000000000e+000  0.0000000000000000e+000 -2.7707835110385060e-001  0.0000000000000000e+000
 -5.3228564571792314e-002  0.0000000000000000e+000  6.0440853585509891e-001  0.0000000000000000e+000  7.1429501410215901e-001  0.0000000000000000e+000  0.0000000000000000e+000 -3.4876879809971401e-001  0.0000000000000000e+000  0.0000000000000000e+000
  0.0000000000000000e+000  0.0000000000000000e+000  0.0000000000000000e+000  2.4744941977122548e-001  0.0000000000000000e+000 -1.1168920301787675e+000  0.0000000000000000e+000  0.0000000000000000e+000  5.0595342261019349e-001  0.0000000000000000e+000
  0.0000000000000000e+000  6.1380165951620258e-001  0.0000000000000000e+000  0.0000000000000000e+000  0.0000000000000000e+000  0.0000000000000000e+000  6.5549395968667801e-001  0.0000000000000000e+000  0.0000000000000000e+000 -4.3997180772117128e-001
 -8.6328149742957927e-001  0.0000000000000000e+000 -2.2318041611618081e-001  0.0000000000000000e+000  2.9300873003167860e-001  0.0000000000000000e+000  0.0000000000000000e+000  3.4508179057025534e-001  0.0000000000000000e+000  0.0000000000000000e+000
  0.0000000000000000e+000  0.0000000000000000e+000  0.0000000000000000e+000  7.6673016073935651e-001  0.0000000000000000e+000  3.9763913392862293e-001  0.0000000000000000e+000  0.0000000000000000e+000 -1.3431833342070485e+000  0.0000000000000000e+000
  0.0000000000000000e+000  3.5413383529190334e-001  0.0000000000000000e+000  0.0000000000000000e+000  0.0000000000000000e+000  0.0000000000000000e+000  2.6947551605062747e-001  0.0000000000000000e+000  0.0000000000000000e+000  8.9552899056964952e-001
 -5.8758582145368599e-001 -5.5856568263783379e-001  5.8544622349617037e-001  0.0000000000000000e+000  0.0000000000000000e+000  0.0000000000000000e+000  0.0000000000000000e+000  0.0000000000000000e+000  0.0000000000000000e+000  0.0000000000000000e+000
 -7.2521703500327628e-001  6.8443929022970673e-001 -7.4853925287268641e-002  0.0000000000000000e+000  0.0000000000000000e+000  0.0000000000000000e+000  0.0000000000000000e+000  0.0000000000000000e+000  0.0000000000000000e+000  0.0000000000000000e+000
 -3.5889156380117659e-001 -4.6855867953671060e-001 -8.0724817080199074e-001  0.0000000000000000e+000  0.0000000000000000e+000  0.0000000000000000e+000  0.0000000000000000e+000  0.0000000000000000e+000  0.0000000000000000e+000  0.0000000000000000e+000
  0.0000000000000000e+000  0.0000000000000000e+000  0.0000000000000000e+000  1.1137888341406676e+000  0.0000000000000000e+000  0.0000000000000000e+000  4.4941909995208917e-001  0.0000000000000000e+000  0.0000000000000000e+000 -9.3414474874922770e-002
  0.0000000000000000e+000  0.0000000000000000e+000  0.0000000000000000e+000  0.0000000000000000e+000 -6.8302144496148287e-001 -4.6119871084895697e-001  0.0000000000000000e+000 -5.6169626529712791e-001 -7.2627545636967245e-002  0.0000000000000000e+000
  0.0000000000000000e+000  0.0000000000000000e+000  0.0000000000000000e+000  0.0000000000000000e+000  4.0266171431224407e-002  5.9978049581664694e-001  0.0000000000000000e+000 -6.0842696651373240e-001  5.1812992453162010e-001  0.0000000000000000e+000
  0.0000000000000000e+000  0.0000000000000000e+000  0.0000000000000000e+000 -5.9985371391291731e-002  0.0000000000000000e+000  0.0000000000000000e+000  3.7321714045899068e-001  0.0000000000000000e+000  0.0000000000000000e+000  1.0491932395075225e+000
  0.0000000000000000e+000  0.0000000000000000e+000  0.0000000000000000e+000  0.0000000000000000e+000 -3.9287880853666968e-002 -4.3393357595506138e-001  0.0000000000000000e+000  2.9407410823001534e-001  8.5069297219712436e-001  0.0000000000000000e+000
  0.0000000000000000e+000  0.0000000000000000e+000  0.0000000000000000e+000  0.0000000000000000e+000 -7.2822853801469989e-001  4.8914288056563848e-001  0.0000000000000000e+000  4.7731996693924061e-001  5.0873254014558944e-002  0.0000000000000000e+000
  0.0000000000000000e+000  0.0000000000000000e+000  0.0000000000000000e+000  1.0468760197014912e+000  0.0000000000000000e+000  0.0000000000000000e+000 -1.1413483088256104e+000  0.0000000000000000e+000  0.0000000000000000e+000  1.1409856891963759e+000
 -1.8838596265676122e-001  0.0000000000000000e+000  0.0000000000000000e+000  7.7058848334479502e-001  0.0000000000000000e+000  0.0000000000000000e+000  0.0000000000000000e+000 -5.4768363388809993e-001 -2.6598262270565687e-001  0.0000000000000000e+000
  0.0000000000000000e+000  3.9021926535812634e-001  0.0000000000000000e+000  0.0000000000000000e+000 -1.5272267731186493e+000  9.3278233534992538e-001  0.0000000000000000e+000  0.0000000000000000e+000  0.0000000000000000e+000  0.0000000000000000e+000
  0.0000000000000000e+000  0.0000000000000000e+000  7.9915020948108695e-001  0.0000000000000000e+000  0.0000000000000000e+000  0.0000000000000000e+000 -3.2167373527789128e-001  0.0000000000000000e+000  0.0000000000000000e+000  5.0782373981403117e-001
  3.9470797050180040e-001  0.0000000000000000e+000  0.0000000000000000e+000  5.6876412873093596e-001  0.0000000000000000e+000  0.0000000000000000e+000  0.0000000000000000e+000  7.1428142829287511e-001 -1.0254279636903432e-001  0.0000000000000000e+000
  0.0000000000000000e+000  4.5153492344254847e-001  0.0000000000000000e+000  0.0000000000000000e+000  1.2005198030907316e-001  1.1220769097423893e+000  0.0000000000000000e+000  0.0000000000000000e+000  0.0000000000000000e+000  0.0000000000000000e+000
  0.0000000000000000e+000 -1.0998801703550631e+000  0.0000000000000000e+000  0.0000000000000000e+000  2.7242658544475784e-001  1.9913274287355065e-001  0.0000000000000000e+000  0.0000000000000000e+000  0.0000000000000000e+000  0.0000000000000000e+000
  0.0000000000000000e+000  0.0000000000000000e+000  6.6076585143255706e-002  0.0000000000000000e+000  0.0000000000000000e+000  0.0000000000000000e+000 -7.9265496855362849e-001  0.0000000000000000e+000  0.0000000000000000e+000 -6.0607919096686658e-001
  7.7132417548592525e-001  0.0000000000000000e+000  0.0000000000000000e+000 -2.1638702387762640e-001  0.0000000000000000e+000  0.0000000000000000e+000  0.0000000000000000e+000 -3.2598826110958229e-001 -5.0196347061025159e-001  0.0000000000000000e+000
  4.6235847932874835e-001  0.0000000000000000e+000  0.0000000000000000e+000  1.8941333401503477e-001  0.0000000000000000e+000  0.0000000000000000e+000  0.0000000000000000e+000 -2.8909571422933050e-001  8.1656040407574870e-001  0.0000000000000000e+000
  0.0000000000000000e+000  0.0000000000000000e+000  5.9748876774558801e-001  0.0000000000000000e+000  0.0000000000000000e+000  0.0000000000000000e+000  5.1790357100488804e-001  0.0000000000000000e+000  0.0000000000000000e+000 -6.1219528220841424e-001
 -4.3270538843484557e-001 -7.3017459244277227e-001  0.0000000000000000e+000  0.0000000000000000e+000  0.0000000000000000e+000  0.0000000000000000e+000  0.0000000000000000e+000  0.0000000000000000e+000  0.0000000000000000e+000  1.0678922064808249e+000
  9.0372877047034572e-001 -7.1651915874102168e-001  0.0000000000000000e+000  0.0000000000000000e+000  0.0000000000000000e+000  0.0000000000000000e+000  0.0000000000000000e+000  0.0000000000000000e+000  0.0000000000000000e+000  5.6472682621974812e-001
  0.0000000000000000e+000  0.0000000000000000e+000  8.5946937910514731e-001  3.6729727312686339e-002  0.0000000000000000e+000  0.0000000000000000e+000 -5.0725554445973964e-001 -5.1527915997073126e-002  0.0000000000000000e+000  0.0000000000000000e+000
  0.0000000000000000e+000  0.0000000000000000e+000  2.2155457263782796e-001 -7.6018527907701772e-001  0.0000000000000000e+000  0.0000000000000000e+000  3.6973025115669317e-001 -4.8613933619639838e-001  0.0000000000000000e+000  0.0000000000000000e+000
  0.0000000000000000e+000  0.0000000000000000e+000  0.0000000000000000e+000  0.0000000000000000e+000 -5.2300867204257517e-001 -8.5104726195034630e-001  0.0000000000000000e+000  0.0000000000000000e+000  4.6695683902061053e-002  0.0000000000000000e+000
  0.0000000000000000e+000  0.0000000000000000e+000  0.0000000000000000e+000  0.0000000000000000e+000 -1.4195228226122936e-001  1.4099545419295925e-001  0.0000000000000000e+000  0.0000000000000000e+000  9.7978050167256825e-001  0.0000000000000000e+000
  0.0000000000000000e+000  0.0000000000000000e+000 -3.6982922748428654e-002  5.5093433342337206e-001  0.0000000000000000e+000  0.0000000000000000e+000  6.1689852005388124e-002 -8.3144331486871770e-001  0.0000000000000000e+000  0.0000000000000000e+000
  0.0000000000000000e+000  0.0000000000000000e+000  4.5919301077963470e-001  3.4240418931648203e-001  0.0000000000000000e+000  0.0000000000000000e+000  7.7600626038326204e-001  2.6403680394150003e-001  0.0000000000000000e+000  0.0000000000000000e+000
  0.0000000000000000e+000  0.0000000000000000e+000  0.0000000000000000e+000  0.0000000000000000e+000 -8.4042339242139741e-001  5.0580514017133082e-001  0.0000000000000000e+000  0.0000000000000000e+000 -1.9454994640752168e-001  0.0000000000000000e+000
  5.2956542559757602e-001  5.0038580994728021e-001  0.0000000000000000e+000  0.0000000000000000e+000  0.0000000000000000e+000  0.0000000000000000e+000  0.0000000000000000e+000  0.0000000000000000e+000  0.0000000000000000e+000  1.4849919990780982e+000
  5.2910140996645838e-001  0.0000000000000000e+000  2.8548294089127613e-001  0.0000000000000000e+000  0.0000000000000000e+000  0.0000000000000000e+000  0.0000000000000000e+000  0.0000000000000000e+000 -7.9909397972427121e-001  0.0000000000000000e+000
  0.0000000000000000e+000 -8.1549857329874786e-001  0.0000000000000000e+000  1.1228366839385276e-001  0.0000000000000000e+000  0.0000000000000000e+000  4.6850540356126302e-001 -3.2071348832505348e-001  0.0000000000000000e+000  0.0000000000000000e+000
  1.8512527801940951e-001  0.0000000000000000e+000 -9.5785846373025563e-001  0.0000000000000000e+000  0.0000000000000000e+000  0.0000000000000000e+000  0.0000000000000000e+000  0.0000000000000000e+000 -2.1962648951925348e-001  0.0000000000000000e+000
  0.0000000000000000e+000 -4.7460559086492471e-001  0.0000000000000000e+000 -5.8044752457838678e-001  0.0000000000000000e+000  0.0000000000000000e+000 -2.7503062598867456e-001  6.0182086961059855e-001  0.0000000000000000e+000  0.0000000000000000e+000
  0.0000000000000000e+000  0.0000000000000000e+000  0.0000000000000000e+000  0.0000000000000000e+000 -9.3056176141728897e-001 -6.1413300646753766e-001  0.0000000000000000e+000  0.0000000000000000e+000  0.0000000000000000e+000  4.4647269142635748e-001
  0.0000000000000000e+000  0.0000000000000000e+000  0.0000000000000000e+000  0.0000000000000000e+000 -5.1196088855347410e-001  1.1433713178237617e+000  0.0000000000000000e+000  0.0000000000000000e+000  0.0000000000000000e+000  1.3077788377097408e+000
  0.0000000000000000e+000  2.9876393575824794e-001  0.0000000000000000e+000 -2.4828249619790332e-001  0.0000000000000000e+000  0.0000000000000000e+000  8.3954528952044449e-001  3.7981524405428024e-001  0.0000000000000000e+000  0.0000000000000000e+000
  0.0000000000000000e+000 -1.4300951282241406e-001  0.0000000000000000e+000  7.6735184309714211e-001  0.0000000000000000e+000  0.0000000000000000e+000 -4.9546388575790676e-003  6.2505590125324473e-001  0.0000000000000000e+000  0.0000000000000000e+000
  8.2811854792036976e-001  0.0000000000000000e+000  3.1727809889471437e-002  0.0000000000000000e+000  0.0000000000000000e+000  0.0000000000000000e+000  0.0000000000000000e+000  0.0000000000000000e+000  5.5965437251027983e-001  0.0000000000000000e+000
  0.0000000000000000e+000  0.0000000000000000e+000  0.0000000000000000e+000  0.0000000000000000e+000 -3.3049970391013422e-001  1.0613085354563532e+000  0.0000000000000000e+000  0.0000000000000000e+000  0.0000000000000000e+000 -1.3868924192928085e+000
 -3.1035342876094674e-001 -4.9512413850916048e-001  0.0000000000000000e+000  0.0000000000000000e+000  0.0000000000000000e+000  0.0000000000000000e+000  0.0000000000000000e+000 -9.9832841573830033e-001  0.0000000000000000e+000  0.0000000000000000e+000
 -1.7941450136181349e+000  2.9505169117809216e-001  0.0000000000000000e+000  0.0000000000000000e+000  0.0000000000000000e+000  0.0000000000000000e+000  0.0000000000000000e+000 -5.2409142570292366e-001  0.0000000000000000e+000  0.0000000000000000e+000
  0.0000000000000000e+000  0.0000000000000000e+000 -4.4583449543148645e-001  4.3919070292876039e-001 -4.2147131426403250e-001  0.0000000000000000e+000  0.0000000000000000e+000  0.0000000000000000e+000  6.5628123574946362e-001  0.0000000000000000e+000
  0.0000000000000000e+000  0.0000000000000000e+000 -5.8868349843849033e-001  4.9557255112330845e-001  4.7581286260566280e-001  0.0000000000000000e+000  0.0000000000000000e+000  0.0000000000000000e+000 -4.2598322152211643e-001  0.0000000000000000e+000
  0.0000000000000000e+000  0.0000000000000000e+000 -4.2249213218123505e-001 -6.0643304225606975e-001  5.0648343852422173e-001  0.0000000000000000e+000  0.0000000000000000e+000  0.0000000000000000e+000  4.4408770530795183e-001  0.0000000000000000e+000
  0.0000000000000000e+000  0.0000000000000000e+000  0.0000000000000000e+000  0.0000000000000000e+000  0.0000000000000000e+000 -5.0534213878037282e-001  6.6988557197310050e-001  0.0000000000000000e+000  0.0000000000000000e+000 -5.4395095664512849e-001
  0.0000000000000000e+000  0.0000000000000000e+000  0.0000000000000000e+000  0.0000000000000000e+000  0.0000000000000000e+000 -8.6291890418392347e-001 -3.9268964088423119e-001  0.0000000000000000e+000  0.0000000000000000e+000  3.1806573337005362e-001
 -1.0608020509127493e-001 -9.4180778079811156e-001  0.0000000000000000e+000  0.0000000000000000e+000  0.0000000000000000e+000  0.0000000000000000e+000  0.0000000000000000e+000  6.6386785963777861e-001  0.0000000000000000e+000  0.0000000000000000e+000
  0.0000000000000000e+000  0.0000000000000000e+000 -5.2553186353876358e-001 -4.4017989310522054e-001 -5.8261357479227671e-001  0.0000000000000000e+000  0.0000000000000000e+000  0.0000000000000000e+000 -4.3659975329712958e-001  0.0000000000000000e+000
  0.0000000000000000e+000  0.0000000000000000e+000  0.0000000000000000e+000  0.0000000000000000e+000  0.0000000000000000e+000 -5.3626009996704527e-004  6.3011758141198193e-001  0.0000000000000000e+000  0.0000000000000000e+000  7.7649954669698273e-001
  4.3624903426170347e-001  0.0000000000000000e+000 -5.3411034172204841e-001  0.0000000000000000e+000 -4.1203144550065740e-001  0.0000000000000000e+000 -5.9551911043217198e-001  0.0000000000000000e+000  0.0000000000000000e+000  0.0000000000000000e+000
  0.0000000000000000e+000  4.7863601641517095e-001  0.0000000000000000e+000  0.0000000000000000e+000  0.0000000000000000e+000  8.7736417019876167e-001  0.0000000000000000e+000  0.0000000000000000e+000  3.3759097168838459e-002  0.0000000000000000e+000
 -8.6200339678640825e-001  0.0000000000000000e+000 -2.8225157229669728e-002  0.0000000000000000e+000 -2.1153693212889993e-001  0.0000000000000000e+000 -4.5978865881353315e-001  0.0000000000000000e+000  0.0000000000000000e+000  0.0000000000000000e+000
  0.0000000000000000e+000  0.0000000000000000e+000  0.0000000000000000e+000  7.7817453427628069e-001  0.0000000000000000e+000  0.0000000000000000e+000  0.0000000000000000e+000  8.6179503365895904e-001  0.0000000000000000e+000  8.7559834811839221e-001
 -2.0439498152061730e-001  0.0000000000000000e+000 -4.8988380091535216e-001  0.0000000000000000e+000 -5.3332342324080506e-001  0.0000000000000000e+000  6.5863698601932619e-001  0.0000000000000000e+000  0.0000000000000000e+000  0.0000000000000000e+000
  0.0000000000000000e+000  5.4851528000698457e-001  0.0000000000000000e+000  0.0000000000000000e+000  0.0000000000000000e+000 -2.6877079608013782e-001  0.0000000000000000e+000  0.0000000000000000e+000 -7.9176590402296854e-001  0.0000000000000000e+000
 -1.5766932347039334e-001  0.0000000000000000e+000 -6.8843543267734597e-001  0.0000000000000000e+000  7.0784768169913559e-001  0.0000000000000000e+000  1.2194219282323313e-002  0.0000000000000000e+000  0.0000000000000000e+000  0.0000000000000000e+000
  0.0000000000000000e+000  0.0000000000000000e+000  0.0000000000000000e+000 -2.1135933540911128e-001  0.0000000000000000e+000  0.0000000000000000e+000  0.0000000000000000e+000  1.1436109473071259e+000  0.0000000000000000e+000 -1.8898228201786033e-001
  0.0000000000000000e+000 -6.8559357595377002e-001  0.0000000000000000e+000  0.0000000000000000e+000  0.0000000000000000e+000  3.9748505887125629e-001  0.0000000000000000e+000  0.0000000000000000e+000 -6.0989103664919952e-001  0.0000000000000000e+000
  0.0000000000000000e+000  0.0000000000000000e+000  0.0000000000000000e+000  1.5495286906467958e+000  0.0000000000000000e+000  0.0000000000000000e+000  0.0000000000000000e+000  1.0651733325041723e-001  0.0000000000000000e+000 -1.2495386069739507e+000
