 -1.2057900368567466e-001  0.0000000000000000e+000  0.0000000000000000e+000  0.0000000000000000e+000  0.0000000000000000e+000 -1.0418425804750839e+000  0.0000000000000000e+000  0.0000000000000000e+000  0.0000000000000000e+000  5.8239923506163208e-002
  0.0000000000000000e+000 -2.0429217548692297e-001  0.0000000000000000e+000  0.0000000000000000e+000 -1.6949331601419265e-001  0.0000000000000000e+000  0.0000000000000000e+000 -9.6412484817130062e-001  0.0000000000000000e+000  0.0000000000000000e+000
  0.0000000000000000e+000  0.0000000000000000e+000 -7.2925970888563785e-001  5.0191024043781018e-001  0.0000000000000000e+000  0.0000000000000000e+000  5.9826493098475451e-002  0.0000000000000000e+000 -4.6118020150829575e-001  0.0000000000000000e+000
  0.0000000000000000e+000  0.0000000000000000e+000 -2.1599340172814366e-001  2.4293137162829159e-001  0.0000000000000000e+000  0.0000000000000000e+000 -8.0147618919351604e-001  0.0000000000000000e+000  5.0196326284354820e-001  0.0000000000000000e+000
  0.0000000000000000e+000  9.5855519171708958e-001  0.0000000000000000e+000  0.0000000000000000e+000 -2.3443771967508434e-001  0.0000000000000000e+000  0.0000000000000000e+000 -1.6189780735315923e-001  0.0000000000000000e+000  0.0000000000000000e+000
 -4.7907739635559021e-001  0.0000000000000000e+000  0.0000000000000000e+000  0.0000000000000000e+000  0.0000000000000000e+000 -1.7833111841850324e-001  0.0000000000000000e+000  0.0000000000000000e+000  0.0000000000000000e+000 -1.8614335753287905e+000
  0.0000000000000000e+000  0.0000000000000000e+000 -1.2288292808005091e-001 -6.3560005506158357e-001  0.0000000000000000e+000  0.0000000000000000e+000 -5.1272840836591860e-001  0.0000000000000000e+000 -5.6393433593525533e-001  0.0000000000000000e+000
  0.0000000000000000e+000 -1.9858663466365192e-001  0.0000000000000000e+000  0.0000000000000000e+000 -9.5724133394879063e-001  0.0000000000000000e+000  0.0000000000000000e+000  2.1036248979536268e-001  0.0000000000000000e+000  0.0000000000000000e+000
  0.0000000000000000e+000  0.0000000000000000e+000 -6.3751620637628670e-001 -5.3393167093568150e-001  0.0000000000000000e+000  0.0000000000000000e+000  3.0193755668006805e-001  0.0000000000000000e+000  4.6617997516569631e-001  0.0000000000000000e+000
  1.8074637457220462e+000  0.0000000000000000e+000  0.0000000000000000e+000  0.0000000000000000e+000  0.0000000000000000e+000  2.3294444951008081e-001  0.0000000000000000e+000  0.0000000000000000e+000  0.0000000000000000e+000 -6.2507628032872031e-001
