  3.3052608913586429e-001 -6.7022556297441160e-001  0.0000000000000000e+000  0.0000000000000000e+000  0.0000000000000000e+000  1.1672534840033622e-001  0.0000000000000000e+000  6.5416006617417688e-001  0.0000000000000000e+000  0.0000000000000000e+000
  1.9076059321748220e-001  7.3063707592289329e-001  0.0000000000000000e+000  0.0000000000000000e+000  0.0000000000000000e+000  2.4318552885287284e-001  0.0000000000000000e+000  6.0880264283157337e-001  0.0000000000000000e+000  0.0000000000000000e+000
  0.0000000000000000e+000  0.0000000000000000e+000  1.0869847900666318e+000  0.0000000000000000e+000 -6.4551691307630987e-001  0.0000000000000000e+000 -1.5336090178318200e+000  0.0000000000000000e+000  0.0000000000000000e+000  0.0000000000000000e+000
  0.0000000000000000e+000  0.0000000000000000e+000  0.0000000000000000e+000 -8.0890630625771329e-002  0.0000000000000000e+000  0.0000000000000000e+000  0.0000000000000000e+000  0.0000000000000000e+000  7.4764230230836071e-001 -6.5915680507449748e-001
  0.0000000000000000e+000  0.0000000000000000e+000 -1.0853159982622165e+000  0.0000000000000000e+000 -6.4971343107028501e-001  0.0000000000000000e+000 -2.9703824824971536e-001  0.0000000000000000e+000  0.0000000000000000e+000  0.0000000000000000e+000
 -6.9216741297057771e-001 -1.2966585036292788e-001  0.0000000000000000e+000  0.0000000000000000e+000  0.0000000000000000e+000  7.0410646649145836e-001  0.0000000000000000e+000  9.1242114816536379e-002  0.0000000000000000e+000  0.0000000000000000e+000
  0.0000000000000000e+000  0.0000000000000000e+000  8.9730594767503627e-002  0.0000000000000000e+000  1.5127227837468562e+000  0.0000000000000000e+000 -4.2301907113418996e-001  0.0000000000000000e+000  0.0000000000000000e+000  0.0000000000000000e+000
  6.1259054261185097e-001 -1.2406662409208902e-002  0.0000000000000000e+000  0.0000000000000000e+000  0.0000000000000000e+000  6.5686381803405891e-001  0.0000000000000000e+000 -4.3944149370319485e-001  0.0000000000000000e+000  0.0000000000000000e+000
  0.0000000000000000e+000  0.0000000000000000e+000  0.0000000000000000e+000  9.4147757269680266e-001  0.0000000000000000e+000  0.0000000000000000e+000  0.0000000000000000e+000  0.0000000000000000e+000  2.7442671049499251e-001  1.9572930459140370e-001
  0.0000000000000000e+000  0.0000000000000000e+000  0.0000000000000000e+000 -3.2722574163091428e-001  0.0000000000000000e+000  0.0000000000000000e+000  0.0000000000000000e+000  0.0000000000000000e+000  6.0474868198777498e-001  7.2608700969522011e-001
