 -8.1008117547502967e-001 -2.5983149340695061e-001  0.0000000000000000e+000  0.0000000000000000e+000  0.0000000000000000e+000  0.0000000000000000e+000 -7.5842366085792678e-001  0.0000000000000000e+000  0.0000000000000000e+000  0.0000000000000000e+000
 -8.3085557627150552e-001  1.5199677627136674e+000  0.0000000000000000e+000  0.0000000000000000e+000  0.0000000000000000e+000  0.0000000000000000e+000  9.5023026942644528e-001  0.0000000000000000e+000  0.0000000000000000e+000  0.0000000000000000e+000
  0.0000000000000000e+000  0.0000000000000000e+000  8.2989310150146411e-001  0.0000000000000000e+000  1.2788125075395171e-001  0.0000000000000000e+000  0.0000000000000000e+000  1.7945281967574814e-001  0.0000000000000000e+000 -5.1256269011341948e-001
  0.0000000000000000e+000  0.0000000000000000e+000  0.0000000000000000e+000 -5.8209957249050160e-003  0.0000000000000000e+000  9.2838506835996881e-001  0.0000000000000000e+000  0.0000000000000000e+000  3.7157405837198426e-001  0.0000000000000000e+000
  0.0000000000000000e+000  0.0000000000000000e+000 -2.1494444700367688e-001  0.0000000000000000e+000  4.4752070433254892e-001  0.0000000000000000e+000  0.0000000000000000e+000  8.6549489650945899e-001  0.0000000000000000e+000  6.6653492122045951e-002
  0.0000000000000000e+000  0.0000000000000000e+000  0.0000000000000000e+000 -7.4647356688092226e-001  0.0000000000000000e+000 -2.5128406826522925e-001  0.0000000000000000e+000  0.0000000000000000e+000  6.1614408297422574e-001  0.0000000000000000e+000
  2.3520969345273596e-001  7.4712061191861223e-001  0.0000000000000000e+000  0.0000000000000000e+000  0.0000000000000000e+000  0.0000000000000000e+000 -1.1376368717979635e+000  0.0000000000000000e+000  0.0000000000000000e+000  0.0000000000000000e+000
  0.0000000000000000e+000  0.0000000000000000e+000  5.1465024706964813e-001  0.0000000000000000e+000 -4.4282055148770760e-002  0.0000000000000000e+000  0.0000000000000000e+000  8.5094009028474860e-002  0.0000000000000000e+000  8.5201715499772446e-001
  0.0000000000000000e+000  0.0000000000000000e+000  0.0000000000000000e+000 -6.6538960764115052e-001  0.0000000000000000e+000  2.7378364064043664e-001  0.0000000000000000e+000  0.0000000000000000e+000 -6.9447763690476294e-001  0.0000000000000000e+000
  0.0000000000000000e+000  0.0000000000000000e+000 -1.4541250761683111e-002  0.0000000000000000e+000 -8.8397437999701434e-001  0.0000000000000000e+000  0.0000000000000000e+000  4.5986332671128050e-001  0.0000000000000000e+000 -8.3087714381939015e-002
