 -9.6967156205140959e-002  0.0000000000000000e+000  0.0000000000000000e+000  6.9893179080625356e-001  0.0000000000000000e+000  0.0000000000000000e+000  5.8333113701198103e-001  0.0000000000000000e+000  0.0000000000000000e+000 -4.0226422536705958e-001
  0.0000000000000000e+000  3.6791741027332348e-001  1.7063990745641452e-001  0.0000000000000000e+000  0.0000000000000000e+000  0.0000000000000000e+000  0.0000000000000000e+000  0.0000000000000000e+000  1.0260313674521984e+000  0.0000000000000000e+000
  0.0000000000000000e+000 -1.4821492490188244e+000 -1.2250058497436425e+000  0.0000000000000000e+000  0.0000000000000000e+000  0.0000000000000000e+000  0.0000000000000000e+000  0.0000000000000000e+000  2.2912985455574331e-001  0.0000000000000000e+000
  7.7735623392641751e-001  0.0000000000000000e+000  0.0000000000000000e+000  4.9607190245400223e-001  0.0000000000000000e+000  0.0000000000000000e+000 -2.8420362290345663e-001  0.0000000000000000e+000  0.0000000000000000e+000  2.6240856293183989e-001
  0.0000000000000000e+000  0.0000000000000000e+000  0.0000000000000000e+000  0.0000000000000000e+000  9.9694137672214078e-001  1.7943343543248891e-002  0.0000000000000000e+000 -7.6065286444286007e-002  0.0000000000000000e+000  0.0000000000000000e+000
  0.0000000000000000e+000  0.0000000000000000e+000  0.0000000000000000e+000  0.0000000000000000e+000 -6.4535159635503936e-002  7.3797034764026925e-001  0.0000000000000000e+000 -6.7174026168938272e-001  0.0000000000000000e+000  0.0000000000000000e+000
  4.7384457804646157e-001  0.0000000000000000e+000  0.0000000000000000e+000 -4.3021086167958944e-001  0.0000000000000000e+000  0.0000000000000000e+000  7.3909553673547079e-001  0.0000000000000000e+000  0.0000000000000000e+000  2.1006598469667068e-001
  0.0000000000000000e+000  0.0000000000000000e+000  0.0000000000000000e+000  0.0000000000000000e+000 -4.4080659593321525e-002 -6.7459454669170693e-001  0.0000000000000000e+000 -7.3687115089656507e-001  0.0000000000000000e+000  0.0000000000000000e+000
  0.0000000000000000e+000 -1.0855401925763157e+000  9.0380194489210697e-001  0.0000000000000000e+000  0.0000000000000000e+000  0.0000000000000000e+000  0.0000000000000000e+000  0.0000000000000000e+000 -1.7363401124811079e-001  0.0000000000000000e+000
  4.0222626971543662e-001  0.0000000000000000e+000  0.0000000000000000e+000 -2.8341777271183133e-001  0.0000000000000000e+000  0.0000000000000000e+000 -1.8080617494589524e-001  0.0000000000000000e+000  0.0000000000000000e+000 -8.5158529881821265e-001
