 -5.2540146601805691e-002  0.0000000000000000e+000  0.0000000000000000e+000  3.9840998433903230e-001  0.0000000000000000e+000  0.0000000000000000e+000  0.0000000000000000e+000  9.1570138002191170e-001  0.0000000000000000e+000  0.0000000000000000e+000
  0.0000000000000000e+000  7.9833108124346264e-001  0.0000000000000000e+000  0.0000000000000000e+000 -3.8994730305732200e-001 -4.5892111038713940e-001  0.0000000000000000e+000  0.0000000000000000e+000  0.0000000000000000e+000  0.0000000000000000e+000
  0.0000000000000000e+000  0.0000000000000000e+000  7.3108627261891279e-001  0.0000000000000000e+000  0.0000000000000000e+000  0.0000000000000000e+000 -1.7822897596150014e-001  0.0000000000000000e+000  3.0809903523905208e-001 -5.8208442566406526e-001
 -7.8902078961066380e-002  0.0000000000000000e+000  0.0000000000000000e+000 -9.1575738428335585e-001  0.0000000000000000e+000  0.0000000000000000e+000  0.0000000000000000e+000  3.9390719092970233e-001  0.0000000000000000e+000  0.0000000000000000e+000
  0.0000000000000000e+000 -2.3252436762769196e-002  0.0000000000000000e+000  0.0000000000000000e+000 -7.8144165809608379e-001  6.2354491351998076e-001  0.0000000000000000e+000  0.0000000000000000e+000  0.0000000000000000e+000  0.0000000000000000e+000
  0.0000000000000000e+000 -6.0176973079844820e-001  0.0000000000000000e+000  0.0000000000000000e+000 -4.8712425091588746e-001 -6.3291638884168167e-001  0.0000000000000000e+000  0.0000000000000000e+000  0.0000000000000000e+000  0.0000000000000000e+000
  0.0000000000000000e+000  0.0000000000000000e+000  6.6955695712129892e-001  0.0000000000000000e+000  0.0000000000000000e+000  0.0000000000000000e+000  8.4513640425310677e-002  0.0000000000000000e+000 -4.7841186534994962e-001  5.6184785560230610e-001
 -9.9549685832285806e-001  0.0000000000000000e+000  0.0000000000000000e+000  5.1554801032294539e-002  0.0000000000000000e+000  0.0000000000000000e+000  0.0000000000000000e+000 -7.9549403265127244e-002  0.0000000000000000e+000  0.0000000000000000e+000
  0.0000000000000000e+000  0.0000000000000000e+000 -7.3212371292172840e-002  0.0000000000000000e+000  0.0000000000000000e+000  0.0000000000000000e+000  3.5288749327849506e-001  0.0000000000000000e+000 -7.2679813013693761e-001 -5.8470064460957172e-001
  0.0000000000000000e+000  0.0000000000000000e+000  1.0884067184848129e-001  0.0000000000000000e+000  0.0000000000000000e+000  0.0000000000000000e+000  9.1463779377270216e-001  0.0000000000000000e+000  3.8465770446800890e-001  6.0248358878702252e-002
