  1.0770006187484400e+000  0.0000000000000000e+000  0.0000000000000000e+000  0.0000000000000000e+000  0.0000000000000000e+000  0.0000000000000000e+000  0.0000000000000000e+000  0.0000000000000000e+000  0.0000000000000000e+000  6.6703997203681697e-001
  0.0000000000000000e+000  8.3994234022527881e-001  0.0000000000000000e+000  0.0000000000000000e+000  0.0000000000000000e+000 -1.0097536351525576e+000  0.0000000000000000e+000 -1.3456469531055826e+000  0.0000000000000000e+000  0.0000000000000000e+000
  0.0000000000000000e+000  0.0000000000000000e+000  7.4969854982665884e-001  5.1494266604519912e-001  0.0000000000000000e+000  0.0000000000000000e+000  4.1567551656799245e-001  0.0000000000000000e+000  0.0000000000000000e+000  0.0000000000000000e+000
  0.0000000000000000e+000  0.0000000000000000e+000  6.5125209981820142e-001 -4.6248417959229887e-001  0.0000000000000000e+000  0.0000000000000000e+000 -6.0164697797730327e-001  0.0000000000000000e+000  0.0000000000000000e+000  0.0000000000000000e+000
  0.0000000000000000e+000  0.0000000000000000e+000  0.0000000000000000e+000  0.0000000000000000e+000  6.6458111278079945e-001  0.0000000000000000e+000  0.0000000000000000e+000  0.0000000000000000e+000  7.4721612973425189e-001  0.0000000000000000e+000
  0.0000000000000000e+000  6.9412248443059210e-001  0.0000000000000000e+000  0.0000000000000000e+000  0.0000000000000000e+000 -1.1860810872735028e+000  0.0000000000000000e+000  1.0465808886986112e+000  0.0000000000000000e+000  0.0000000000000000e+000
  0.0000000000000000e+000  0.0000000000000000e+000 -1.1757034860111698e-001  7.2176341990509640e-001  0.0000000000000000e+000  0.0000000000000000e+000 -6.8208121130603705e-001  0.0000000000000000e+000  0.0000000000000000e+000  0.0000000000000000e+000
  0.0000000000000000e+000 -7.3423517985669351e-001  0.0000000000000000e+000  0.0000000000000000e+000  0.0000000000000000e+000 -7.3843709231280341e-001  0.0000000000000000e+000 -6.4816741413010137e-001  0.0000000000000000e+000  0.0000000000000000e+000
  0.0000000000000000e+000  0.0000000000000000e+000  0.0000000000000000e+000  0.0000000000000000e+000  7.4721612973425189e-001  0.0000000000000000e+000  0.0000000000000000e+000  0.0000000000000000e+000 -6.6458111278079945e-001  0.0000000000000000e+000
 -2.3528289136672043e-002  0.0000000000000000e+000  0.0000000000000000e+000  0.0000000000000000e+000  0.0000000000000000e+000  0.0000000000000000e+000  0.0000000000000000e+000  0.0000000000000000e+000  0.0000000000000000e+000  1.8424369086975276e+000
