 -7.1134413399638219e-001  0.0000000000000000e+000  0.0000000000000000e+000 -7.0441604843249239e-001  0.0000000000000000e+000  0.0000000000000000e+000  0.0000000000000000e+000  0.0000000000000000e+000  0.0000000000000000e+000  0.0000000000000000e+000
  0.0000000000000000e+000 -1.6775477499209845e-001  0.0000000000000000e+000  0.0000000000000000e+000  0.0000000000000000e+000  5.2297238486677955e-001  0.0000000000000000e+000  8.3567829942753769e-001  0.0000000000000000e+000  0.0000000000000000e+000
  0.0000000000000000e+000  0.0000000000000000e+000 -3.5339530396976171e-001  0.0000000000000000e+000 -9.3547408255500031e-001  0.0000000000000000e+000  0.0000000000000000e+000  0.0000000000000000e+000  0.0000000000000000e+000  0.0000000000000000e+000
 -1.3479181639637836e+000  0.0000000000000000e+000  0.0000000000000000e+000  1.4767884672478286e+000  0.0000000000000000e+000  0.0000000000000000e+000  0.0000000000000000e+000  0.0000000000000000e+000  0.0000000000000000e+000  0.0000000000000000e+000
  0.0000000000000000e+000  0.0000000000000000e+000 -9.3547408255500031e-001  0.0000000000000000e+000  3.5339530396976182e-001  0.0000000000000000e+000  0.0000000000000000e+000  0.0000000000000000e+000  0.0000000000000000e+000  0.0000000000000000e+000
  0.0000000000000000e+000 -2.8724668963466610e-001  0.0000000000000000e+000  0.0000000000000000e+000  0.0000000000000000e+000  7.8497848644051382e-001  0.0000000000000000e+000 -5.4890628992523538e-001  0.0000000000000000e+000  0.0000000000000000e+000
  0.0000000000000000e+000  0.0000000000000000e+000  0.0000000000000000e+000  0.0000000000000000e+000  0.0000000000000000e+000  0.0000000000000000e+000 -1.4744382869382242e+000  0.0000000000000000e+000 -1.1479525993090514e+000  0.0000000000000000e+000
  0.0000000000000000e+000  9.4305231814638812e-001  0.0000000000000000e+000  0.0000000000000000e+000  0.0000000000000000e+000  3.3212747626824352e-001  0.0000000000000000e+000 -1.8538196956862929e-002  0.0000000000000000e+000  0.0000000000000000e+000
  0.0000000000000000e+000  0.0000000000000000e+000  0.0000000000000000e+000  0.0000000000000000e+000  0.0000000000000000e+000  0.0000000000000000e+000  1.8232932596707307e-001  0.0000000000000000e+000 -1.2144927272909711e+000  0.0000000000000000e+000
  0.0000000000000000e+000  0.0000000000000000e+000  0.0000000000000000e+000  0.0000000000000000e+000  0.0000000000000000e+000  0.0000000000000000e+000  0.0000000000000000e+000  0.0000000000000000e+000  0.0000000000000000e+000  1.0000000000000000e+000
