  4.4212595407971750e-001  0.0000000000000000e+000 -8.7320264689863047e-001  0.0000000000000000e+000  8.4474036901166213e-002  1.8683124810359067e-001  0.0000000000000000e+000  0.0000000000000000e+000  0.0000000000000000e+000  0.0000000000000000e+000
  0.0000000000000000e+000  9.2333509871798314e-001  0.0000000000000000e+000  0.0000000000000000e+000  0.0000000000000000e+000  0.0000000000000000e+000  0.0000000000000000e+000 -1.4304590017902847e+000  3.4141317652620029e-001  0.0000000000000000e+000
 -7.0314546001760614e-001  0.0000000000000000e+000 -4.5916764630626905e-001  0.0000000000000000e+000 -4.7169229378121807e-001 -2.6880832321489279e-001  0.0000000000000000e+000  0.0000000000000000e+000  0.0000000000000000e+000  0.0000000000000000e+000
  0.0000000000000000e+000  0.0000000000000000e+000  0.0000000000000000e+000  6.4834256624636766e-001  0.0000000000000000e+000  0.0000000000000000e+000 -5.0700945248069257e-002  0.0000000000000000e+000  0.0000000000000000e+000 -7.5965869371976957e-001
 -3.4307795287476534e-001  0.0000000000000000e+000  2.2611329399885163e-002  0.0000000000000000e+000 -4.5109123893157167e-002  9.3795064527704364e-001  0.0000000000000000e+000  0.0000000000000000e+000  0.0000000000000000e+000  0.0000000000000000e+000
 -4.3864407101542813e-001  0.0000000000000000e+000 -1.6177434227205711e-001  0.0000000000000000e+000  8.7654759369849700e-001 -1.1438862324038390e-001  0.0000000000000000e+000  0.0000000000000000e+000  0.0000000000000000e+000  0.0000000000000000e+000
  0.0000000000000000e+000  0.0000000000000000e+000  0.0000000000000000e+000 -1.7716542841680138e-001  0.0000000000000000e+000  0.0000000000000000e+000 -9.8043672303696616e-001  0.0000000000000000e+000  0.0000000000000000e+000 -8.5768543735019909e-002
  0.0000000000000000e+000 -1.1636848856756119e+000  0.0000000000000000e+000  0.0000000000000000e+000  0.0000000000000000e+000  0.0000000000000000e+000  0.0000000000000000e+000 -6.3323219651831808e-001  2.2707675086777859e-002  0.0000000000000000e+000
  0.0000000000000000e+000  8.9368340865639828e-001  0.0000000000000000e+000  0.0000000000000000e+000  0.0000000000000000e+000  0.0000000000000000e+000  0.0000000000000000e+000 -4.9180895945801328e-001 -1.0992981041287750e+000  0.0000000000000000e+000
  0.0000000000000000e+000  0.0000000000000000e+000  0.0000000000000000e+000  7.4044873405723732e-001  0.0000000000000000e+000  0.0000000000000000e+000 -1.9019265567178767e-001  0.0000000000000000e+000  0.0000000000000000e+000  6.4464131574197736e-001
 -7.2816685544905202e-001  0.0000000000000000e+000  0.0000000000000000e+000  0.0000000000000000e+000  0.0000000000000000e+000 -5.6201108061336003e-001  0.0000000000000000e+000  3.9232203085379086e-001  0.0000000000000000e+000  0.0000000000000000e+000
  0.0000000000000000e+000 -1.6361430318445319e-001  0.0000000000000000e+000  8.9878740583515271e-001 -2.8489479773314436e-001  0.0000000000000000e+000  0.0000000000000000e+000  0.0000000000000000e+000  0.0000000000000000e+000 -2.9025249892149591e-001
  0.0000000000000000e+000  0.0000000000000000e+000 -1.1010056489453857e+000  0.0000000000000000e+000  0.0000000000000000e+000  0.0000000000000000e+000  4.4597028717511622e-001  0.0000000000000000e+000 -8.1597554592427290e-001  0.0000000000000000e+000
  0.0000000000000000e+000 -1.4957937340701416e-001  0.0000000000000000e+000  3.6024677557697377e-001  3.5820229283663502e-001  0.0000000000000000e+000  0.0000000000000000e+000  0.0000000000000000e+000  0.0000000000000000e+000  8.4825667645125924e-001
  0.0000000000000000e+000  9.4207460340178828e-001  0.0000000000000000e+000  2.3553286205064627e-001  2.3639372161286112e-001  0.0000000000000000e+000  0.0000000000000000e+000  0.0000000000000000e+000  0.0000000000000000e+000 -3.3730118612531126e-002
 -1.9698839586052017e-001  0.0000000000000000e+000  0.0000000000000000e+000  0.0000000000000000e+000  0.0000000000000000e+000 -3.7664410240093893e-001  0.0000000000000000e+000 -9.0517113963210827e-001  0.0000000000000000e+000  0.0000000000000000e+000
  0.0000000000000000e+000  0.0000000000000000e+000 -2.5197610894829026e-001  0.0000000000000000e+000  0.0000000000000000e+000  0.0000000000000000e+000  1.4502778972783952e+000  0.0000000000000000e+000  5.2861221963978700e-001  0.0000000000000000e+000
 -6.5648198948770708e-001  0.0000000000000000e+000  0.0000000000000000e+000  0.0000000000000000e+000  0.0000000000000000e+000  7.3639850990777689e-001  0.0000000000000000e+000 -1.6355009044285954e-001  0.0000000000000000e+000  0.0000000000000000e+000
  0.0000000000000000e+000  0.0000000000000000e+000  7.6042504755132456e-001  0.0000000000000000e+000  0.0000000000000000e+000  0.0000000000000000e+000 -2.6338163877284926e-001  0.0000000000000000e+000 -1.4695486865608314e+000  0.0000000000000000e+000
  0.0000000000000000e+000  2.5169785948631684e-001  0.0000000000000000e+000 -8.3232990410900778e-002 -8.5711380808687831e-001  0.0000000000000000e+000  0.0000000000000000e+000  0.0000000000000000e+000  0.0000000000000000e+000  4.4167451457388351e-001
  7.0342386536801027e-001  0.0000000000000000e+000  0.0000000000000000e+000  0.0000000000000000e+000  0.0000000000000000e+000  0.0000000000000000e+000  3.1887184735149748e-001  5.9045865521884311e-001  0.0000000000000000e+000  2.3425240036022621e-001
  0.0000000000000000e+000 -5.5144693446012449e-001  0.0000000000000000e+000  0.0000000000000000e+000 -5.6260192489449368e-001  0.0000000000000000e+000  0.0000000000000000e+000  0.0000000000000000e+000 -6.1594265364524159e-001  0.0000000000000000e+000
  0.0000000000000000e+000  0.0000000000000000e+000  4.8284980538505518e-001  1.5147367450738796e+000  0.0000000000000000e+000  1.1413995147845661e+000  0.0000000000000000e+000  0.0000000000000000e+000  0.0000000000000000e+000  0.0000000000000000e+000
  0.0000000000000000e+000  0.0000000000000000e+000 -5.2570039597035778e-001  7.6434226640586733e-001  0.0000000000000000e+000 -5.1798758129454536e-001  0.0000000000000000e+000  0.0000000000000000e+000  0.0000000000000000e+000  0.0000000000000000e+000
  0.0000000000000000e+000  8.0289533931029600e-001  0.0000000000000000e+000  0.0000000000000000e+000 -1.5754063579294150e-001  0.0000000000000000e+000  0.0000000000000000e+000  0.0000000000000000e+000 -5.7492610150154122e-001  0.0000000000000000e+000
  0.0000000000000000e+000  0.0000000000000000e+000 -1.4123853417151906e+000  1.1288301306790685e-001  0.0000000000000000e+000  7.7821100242347396e-001  0.0000000000000000e+000  0.0000000000000000e+000  0.0000000000000000e+000  0.0000000000000000e+000
 -4.9053499858514527e-001  0.0000000000000000e+000  0.0000000000000000e+000  0.0000000000000000e+000  0.0000000000000000e+000  0.0000000000000000e+000 -3.9161513830100725e-001  5.9826478073329958e-001  0.0000000000000000e+000  4.9808859729037330e-001
 -5.0306459055602215e-001  0.0000000000000000e+000  0.0000000000000000e+000  0.0000000000000000e+000  0.0000000000000000e+000  0.0000000000000000e+000  7.2937271904829970e-001  3.3327827039127278e-001  0.0000000000000000e+000 -3.2228411211505803e-001
  0.0000000000000000e+000 -2.2641853410959095e-001  0.0000000000000000e+000  0.0000000000000000e+000  8.1157872210831561e-001  0.0000000000000000e+000  0.0000000000000000e+000  0.0000000000000000e+000 -5.3858576404570635e-001  0.0000000000000000e+000
 -1.0722079333086842e-001  0.0000000000000000e+000  0.0000000000000000e+000  0.0000000000000000e+000  0.0000000000000000e+000  0.0000000000000000e+000  4.6149080719795105e-001 -4.2704030617295835e-001  0.0000000000000000e+000  7.7017304111023566e-001
  8.8698648782615330e-001  0.0000000000000000e+000  4.5787934753656884e-001  0.0000000000000000e+000  0.0000000000000000e+000 -6.0012278021344401e-002  0.0000000000000000e+000  0.0000000000000000e+000  0.0000000000000000e+000  0.0000000000000000e+000
  0.0000000000000000e+000  4.3970029387904624e-001  0.0000000000000000e+000  0.0000000000000000e+000  0.0000000000000000e+000  0.0000000000000000e+000  6.7733930288985567e-001  4.2227889036099570e-001 -4.1177136748303717e-001  0.0000000000000000e+000
 -2.5126328536854903e-001  0.0000000000000000e+000  3.6948341876708701e-001  0.0000000000000000e+000  0.0000000000000000e+000 -8.9462213513974098e-001  0.0000000000000000e+000  0.0000000000000000e+000  0.0000000000000000e+000  0.0000000000000000e+000
  0.0000000000000000e+000  0.0000000000000000e+000  0.0000000000000000e+000  4.5771877443816422e-001  1.5698950686522037e+000  0.0000000000000000e+000  0.0000000000000000e+000  0.0000000000000000e+000  0.0000000000000000e+000  2.9400265351529525e-001
  0.0000000000000000e+000  0.0000000000000000e+000  0.0000000000000000e+000 -5.9090676341699122e-001 -9.5204120463534958e-001  0.0000000000000000e+000  0.0000000000000000e+000  0.0000000000000000e+000  0.0000000000000000e+000  9.9879283679626929e-001
 -3.8745545787822955e-001  0.0000000000000000e+000  8.0859662771722673e-001  0.0000000000000000e+000  0.0000000000000000e+000  4.4277506908666397e-001  0.0000000000000000e+000  0.0000000000000000e+000  0.0000000000000000e+000  0.0000000000000000e+000
  0.0000000000000000e+000 -1.9157389570106453e-001  0.0000000000000000e+000  0.0000000000000000e+000  0.0000000000000000e+000  0.0000000000000000e+000  5.6503496905434303e-001 -7.9715566727137677e-001 -9.2616242467512655e-002  0.0000000000000000e+000
  0.0000000000000000e+000 -2.9899410189397357e-001  0.0000000000000000e+000  0.0000000000000000e+000  0.0000000000000000e+000  0.0000000000000000e+000 -3.1997881800303635e-001 -5.0666786473735986e-002 -8.9757950055157842e-001  0.0000000000000000e+000
  0.0000000000000000e+000 -8.2496401199156222e-001  0.0000000000000000e+000  0.0000000000000000e+000  0.0000000000000000e+000  0.0000000000000000e+000  3.4577522834324248e-001  4.2855134772981041e-001  1.2734839120274560e-001  0.0000000000000000e+000
  0.0000000000000000e+000  0.0000000000000000e+000  0.0000000000000000e+000 -1.0868478781673021e+000  3.9258962992245827e-001  0.0000000000000000e+000  0.0000000000000000e+000  0.0000000000000000e+000  0.0000000000000000e+000 -2.1968251024592969e-001
  9.1462940917859531e-002  7.3761323269455781e-001  3.0157526838734572e-001  0.0000000000000000e+000  0.0000000000000000e+000 -5.9717133796728783e-001  0.0000000000000000e+000  0.0000000000000000e+000  0.0000000000000000e+000  0.0000000000000000e+000
 -8.8631706013995259e-001  3.1845410881098857e-001 -3.2258765296738273e-001  0.0000000000000000e+000  0.0000000000000000e+000  9.4690314389941174e-002  0.0000000000000000e+000  0.0000000000000000e+000  0.0000000000000000e+000  0.0000000000000000e+000
 -3.1385529143171031e-001 -6.5973935996863839e-002  8.9128709283226226e-001  0.0000000000000000e+000  0.0000000000000000e+000  3.2054580633664842e-001  0.0000000000000000e+000  0.0000000000000000e+000  0.0000000000000000e+000  0.0000000000000000e+000
  0.0000000000000000e+000  0.0000000000000000e+000  0.0000000000000000e+000  2.5064405005263685e-001  9.2337493833150153e-001  0.0000000000000000e+000  0.0000000000000000e+000  0.0000000000000000e+000  2.9078563140999125e-001  0.0000000000000000e+000
  0.0000000000000000e+000  0.0000000000000000e+000  0.0000000000000000e+000 -5.9452030612230915e-002 -2.8512497284276894e-001  0.0000000000000000e+000  0.0000000000000000e+000  0.0000000000000000e+000  9.5664476474681670e-001  0.0000000000000000e+000
  3.2798087655203911e-001  5.9174415020713533e-001 -1.0294115698159884e-001  0.0000000000000000e+000  0.0000000000000000e+000  7.2915740653927452e-001  0.0000000000000000e+000  0.0000000000000000e+000  0.0000000000000000e+000  0.0000000000000000e+000
  0.0000000000000000e+000  0.0000000000000000e+000  0.0000000000000000e+000  0.0000000000000000e+000  0.0000000000000000e+000  0.0000000000000000e+000  5.5113673237779337e-001 -1.5098132258443875e+000  0.0000000000000000e+000  3.0319966720790698e-001
  0.0000000000000000e+000  0.0000000000000000e+000  0.0000000000000000e+000  0.0000000000000000e+000  0.0000000000000000e+000  0.0000000000000000e+000  8.2646325330909420e-001 -6.0255278081007879e-001  0.0000000000000000e+000 -1.4948337127995019e+000
  0.0000000000000000e+000  0.0000000000000000e+000  0.0000000000000000e+000  9.6625204591208680e-001 -2.5706511455797820e-001  0.0000000000000000e+000  0.0000000000000000e+000  0.0000000000000000e+000 -1.6568362864209082e-002  0.0000000000000000e+000
  0.0000000000000000e+000  0.0000000000000000e+000  0.0000000000000000e+000  0.0000000000000000e+000  0.0000000000000000e+000  0.0000000000000000e+000 -7.6627645290030777e-001 -5.4653879907444258e-001  0.0000000000000000e+000 -4.1994744284531049e-001
  8.6527255482055798e-001  0.0000000000000000e+000  0.0000000000000000e+000  0.0000000000000000e+000  1.7070221717262679e-001  0.0000000000000000e+000  9.9125536522965546e-003  0.0000000000000000e+000 -4.7123868708621958e-001  0.0000000000000000e+000
  0.0000000000000000e+000  8.2403398195629651e-001  4.7691839135712011e-002  0.0000000000000000e+000  0.0000000000000000e+000  6.3680984433633347e-001  0.0000000000000000e+000  0.0000000000000000e+000  0.0000000000000000e+000  0.0000000000000000e+000
  0.0000000000000000e+000  7.2438008087900196e-001 -2.7237998325814972e-001  0.0000000000000000e+000  0.0000000000000000e+000 -1.1347880388277871e+000  0.0000000000000000e+000  0.0000000000000000e+000  0.0000000000000000e+000  0.0000000000000000e+000
  0.0000000000000000e+000  0.0000000000000000e+000  0.0000000000000000e+000  9.1691348457396460e-001  0.0000000000000000e+000  0.0000000000000000e+000  0.0000000000000000e+000 -2.9541227871633347e-001  0.0000000000000000e+000  2.6833048166403539e-001
  2.7413875340681843e-001  0.0000000000000000e+000  0.0000000000000000e+000  0.0000000000000000e+000 -6.1152322369853729e-001  0.0000000000000000e+000  6.8057027930530234e-001  0.0000000000000000e+000  2.9616108063722169e-001  0.0000000000000000e+000
  0.0000000000000000e+000  5.2829383053685186e-001  1.2186297936957011e+000  0.0000000000000000e+000  0.0000000000000000e+000 -1.1516771129292418e+000  0.0000000000000000e+000  0.0000000000000000e+000  0.0000000000000000e+000  0.0000000000000000e+000
 -1.2291666638003350e-001  0.0000000000000000e+000  0.0000000000000000e+000  0.0000000000000000e+000  7.2340724662017386e-001  0.0000000000000000e+000  6.7750474146662398e-001  0.0000000000000000e+000  5.0604090286078707e-002  0.0000000000000000e+000
  0.0000000000000000e+000  0.0000000000000000e+000  0.0000000000000000e+000  9.2634756417029340e-003  0.0000000000000000e+000  0.0000000000000000e+000  0.0000000000000000e+000 -6.5642709055153081e-001  0.0000000000000000e+000 -7.5433259429053434e-001
 -4.0130143643012223e-001  0.0000000000000000e+000  0.0000000000000000e+000  0.0000000000000000e+000 -2.7126012509603636e-001  0.0000000000000000e+000  2.7877080459875259e-001  0.0000000000000000e+000 -8.2925384542694014e-001  0.0000000000000000e+000
  0.0000000000000000e+000  0.0000000000000000e+000  0.0000000000000000e+000 -3.9897850797438389e-001  0.0000000000000000e+000  0.0000000000000000e+000  0.0000000000000000e+000 -6.9414340043947376e-001  0.0000000000000000e+000  5.9915030651820500e-001
 -8.5370522768224677e-001  0.0000000000000000e+000  0.0000000000000000e+000  0.0000000000000000e+000  0.0000000000000000e+000  0.0000000000000000e+000  0.0000000000000000e+000 -3.7272725494999853e-001 -3.6367812368280017e-001  0.0000000000000000e+000
  0.0000000000000000e+000 -3.9760611954184161e-001  5.1793943903553685e-001 -7.5142869995482675e-001  0.0000000000000000e+000  0.0000000000000000e+000 -9.4884245681941731e-002  0.0000000000000000e+000  0.0000000000000000e+000  0.0000000000000000e+000
  0.0000000000000000e+000  8.7239037761915561e-001  4.6917689942691870e-001 -1.3582976348559553e-001  0.0000000000000000e+000  0.0000000000000000e+000 -1.8929908428123143e-002  0.0000000000000000e+000  0.0000000000000000e+000  0.0000000000000000e+000
  0.0000000000000000e+000 -1.0587231334285196e-001  2.7069098048993767e-001  1.2277915100669320e-001  0.0000000000000000e+000  0.0000000000000000e+000  9.4891660667674316e-001  0.0000000000000000e+000  0.0000000000000000e+000  0.0000000000000000e+000
  0.0000000000000000e+000  0.0000000000000000e+000  0.0000000000000000e+000  0.0000000000000000e+000  2.5357621505292699e-001  1.0082184228734152e+000  0.0000000000000000e+000  0.0000000000000000e+000  0.0000000000000000e+000 -5.0288288376090129e-001
  0.0000000000000000e+000  0.0000000000000000e+000  0.0000000000000000e+000  0.0000000000000000e+000  8.4583887040255301e-001  3.2625248835033471e-001  0.0000000000000000e+000  0.0000000000000000e+000  0.0000000000000000e+000  1.2724347506490383e+000
  0.0000000000000000e+000 -2.6388530843496927e-001  6.6207111975760757e-001  6.3390098936168371e-001  0.0000000000000000e+000  0.0000000000000000e+000 -3.0032634260312091e-001  0.0000000000000000e+000  0.0000000000000000e+000  0.0000000000000000e+000
  4.5664268017782483e-001  0.0000000000000000e+000  0.0000000000000000e+000  0.0000000000000000e+000  0.0000000000000000e+000  0.0000000000000000e+000  0.0000000000000000e+000 -8.7151064683966972e-001 -1.7873627243823120e-001  0.0000000000000000e+000
  2.5032947662633775e-001  0.0000000000000000e+000  0.0000000000000000e+000  0.0000000000000000e+000  0.0000000000000000e+000  0.0000000000000000e+000  0.0000000000000000e+000  3.1865904327751210e-001 -9.1421636786345317e-001  0.0000000000000000e+000
  0.0000000000000000e+000  0.0000000000000000e+000  0.0000000000000000e+000  0.0000000000000000e+000  1.1878015655193122e+000 -1.4405859070455767e+000  0.0000000000000000e+000  0.0000000000000000e+000  0.0000000000000000e+000 -4.3163194715517972e-001
 -2.4956105167300235e-002 -9.2136345670117059e-001  0.0000000000000000e+000  0.0000000000000000e+000  0.0000000000000000e+000  0.0000000000000000e+000  3.8790021071217740e-001  0.0000000000000000e+000  0.0000000000000000e+000  0.0000000000000000e+000
 -7.1735095813064487e-001 -2.5374481919097186e-001  0.0000000000000000e+000  0.0000000000000000e+000  0.0000000000000000e+000  0.0000000000000000e+000 -6.4886144098935694e-001  0.0000000000000000e+000  0.0000000000000000e+000  0.0000000000000000e+000
  0.0000000000000000e+000  0.0000000000000000e+000  4.2001057523910612e-001  0.0000000000000000e+000  0.0000000000000000e+000 -3.5378252966518009e-001  0.0000000000000000e+000  0.0000000000000000e+000 -2.2285783319779129e-001  8.0545851822014836e-001
  0.0000000000000000e+000  0.0000000000000000e+000  0.0000000000000000e+000 -6.0976828273333905e-001 -5.5816946944184265e-001  0.0000000000000000e+000  0.0000000000000000e+000  6.7330610943751346e-001  0.0000000000000000e+000  0.0000000000000000e+000
  0.0000000000000000e+000  0.0000000000000000e+000  0.0000000000000000e+000  6.2904697388720177e-001 -1.0992554547950064e+000  0.0000000000000000e+000  0.0000000000000000e+000 -1.0397851310319313e+000  0.0000000000000000e+000  0.0000000000000000e+000
  0.0000000000000000e+000  0.0000000000000000e+000  3.5093618255030212e-001  0.0000000000000000e+000  0.0000000000000000e+000  8.6172282868976557e-001  0.0000000000000000e+000  0.0000000000000000e+000 -3.5315054053061390e-001  9.7786798776059294e-002
  6.9626488902135919e-001 -2.9445364217379311e-001  0.0000000000000000e+000  0.0000000000000000e+000  0.0000000000000000e+000  0.0000000000000000e+000 -6.5460847605775829e-001  0.0000000000000000e+000  0.0000000000000000e+000  0.0000000000000000e+000
  0.0000000000000000e+000  0.0000000000000000e+000  0.0000000000000000e+000  1.4530791654326112e+000 -6.3974712212936036e-001  0.0000000000000000e+000  0.0000000000000000e+000  3.7326983728647850e-001  0.0000000000000000e+000  0.0000000000000000e+000
  0.0000000000000000e+000  0.0000000000000000e+000  8.1349451858825694e-001  0.0000000000000000e+000  0.0000000000000000e+000 -1.0491305670400078e-001  0.0000000000000000e+000  0.0000000000000000e+000  4.5720282332910489e-001 -3.4378117618594994e-001
  0.0000000000000000e+000  0.0000000000000000e+000 -1.9662548332101909e-001  0.0000000000000000e+000  0.0000000000000000e+000  3.4823115706614555e-001  0.0000000000000000e+000  0.0000000000000000e+000  7.8522904954236061e-001  4.7274604209019028e-001
 -1.1447689293765893e-001  0.0000000000000000e+000  0.0000000000000000e+000  0.0000000000000000e+000  0.0000000000000000e+000  0.0000000000000000e+000  0.0000000000000000e+000  8.4674644735711602e-001  0.0000000000000000e+000  5.1953392080925997e-001
  0.0000000000000000e+000 -8.2098798286131125e-001  6.7248749172627589e-002  0.0000000000000000e+000  4.9636907552878462e-001  2.7399649375626967e-001  0.0000000000000000e+000  0.0000000000000000e+000  0.0000000000000000e+000  0.0000000000000000e+000
  0.0000000000000000e+000 -1.2722080594082361e-001  9.4478665790870608e-001  0.0000000000000000e+000 -2.3116193565085766e-001 -1.9431211253963032e-001  0.0000000000000000e+000  0.0000000000000000e+000  0.0000000000000000e+000  0.0000000000000000e+000
  0.0000000000000000e+000  0.0000000000000000e+000  0.0000000000000000e+000 -6.1713787976373458e-001  0.0000000000000000e+000  0.0000000000000000e+000 -1.3116875544071069e+000  0.0000000000000000e+000  1.8583178927017260e-001  0.0000000000000000e+000
  0.0000000000000000e+000 -5.0813763500081410e-001 -2.6343279430387018e-001  0.0000000000000000e+000 -8.1956122527733666e-001  2.6808670294277526e-002  0.0000000000000000e+000  0.0000000000000000e+000  0.0000000000000000e+000  0.0000000000000000e+000
  0.0000000000000000e+000 -2.2713375449030482e-001 -1.8291784947803627e-001  0.0000000000000000e+000  1.6882327560724356e-001 -9.4151474737611474e-001  0.0000000000000000e+000  0.0000000000000000e+000  0.0000000000000000e+000  0.0000000000000000e+000
  0.0000000000000000e+000  0.0000000000000000e+000  0.0000000000000000e+000 -8.5953662757236360e-001  0.0000000000000000e+000  0.0000000000000000e+000  3.5512853321339549e-002  0.0000000000000000e+000  8.6269820480983672e-001  0.0000000000000000e+000
 -6.9198387285353791e-001  0.0000000000000000e+000  0.0000000000000000e+000  0.0000000000000000e+000  0.0000000000000000e+000  0.0000000000000000e+000  0.0000000000000000e+000  3.0726333921749444e-001  0.0000000000000000e+000 -6.5325918293088991e-001
  0.0000000000000000e+000  0.0000000000000000e+000  0.0000000000000000e+000 -1.6054098075549355e+000  0.0000000000000000e+000  0.0000000000000000e+000 -3.2004708020812012e-002  0.0000000000000000e+000 -5.6189943811206855e-001  0.0000000000000000e+000
  7.1277861969475387e-001  0.0000000000000000e+000  0.0000000000000000e+000  0.0000000000000000e+000  0.0000000000000000e+000  0.0000000000000000e+000  0.0000000000000000e+000  4.3429217614529697e-001  0.0000000000000000e+000 -5.5076033357988285e-001
 -7.2645904547410711e-001  0.0000000000000000e+000  0.0000000000000000e+000 -5.2914717277467868e-002  0.0000000000000000e+000  1.9415178463692262e-001  0.0000000000000000e+000  0.0000000000000000e+000  0.0000000000000000e+000 -6.5708627475133974e-001
  0.0000000000000000e+000  1.3381021218753506e+000  0.0000000000000000e+000  0.0000000000000000e+000  0.0000000000000000e+000  0.0000000000000000e+000 -1.0937535068604509e+000 -5.2830712065516039e-001  0.0000000000000000e+000  0.0000000000000000e+000
  0.0000000000000000e+000  0.0000000000000000e+000 -1.8013802301639048e-001  0.0000000000000000e+000  5.8323417513153897e-001  0.0000000000000000e+000  0.0000000000000000e+000  0.0000000000000000e+000 -7.9207839865910967e-001  0.0000000000000000e+000
 -7.1007072361452955e-002  0.0000000000000000e+000  0.0000000000000000e+000 -8.4276636349705858e-001  0.0000000000000000e+000 -5.3345689464551083e-001  0.0000000000000000e+000  0.0000000000000000e+000  0.0000000000000000e+000 -1.1251390481525153e-002
  0.0000000000000000e+000  0.0000000000000000e+000 -9.1182912594686449e-001  0.0000000000000000e+000  2.0301944378014208e-001  0.0000000000000000e+000  0.0000000000000000e+000  0.0000000000000000e+000  3.5686236915956721e-001  0.0000000000000000e+000
  6.3455419375910338e-001  0.0000000000000000e+000  0.0000000000000000e+000 -3.2529422212983411e-001  0.0000000000000000e+000  4.4093899811093296e-001  0.0000000000000000e+000  0.0000000000000000e+000  0.0000000000000000e+000 -5.4506645849529878e-001
  0.0000000000000000e+000  1.2082790537190591e+000  0.0000000000000000e+000  0.0000000000000000e+000  0.0000000000000000e+000  0.0000000000000000e+000  1.1086228811023162e+000  3.6850572786026714e-002  0.0000000000000000e+000  0.0000000000000000e+000
  0.0000000000000000e+000  2.3151139444009594e-001  0.0000000000000000e+000  0.0000000000000000e+000  0.0000000000000000e+000  0.0000000000000000e+000  5.8095521376729553e-001  1.3869533207004654e+000  0.0000000000000000e+000  0.0000000000000000e+000
  0.0000000000000000e+000  0.0000000000000000e+000  3.6894164543830449e-001  0.0000000000000000e+000  7.8652463560007813e-001  0.0000000000000000e+000  0.0000000000000000e+000  0.0000000000000000e+000  4.9523838689608968e-001  0.0000000000000000e+000
 -2.5407917290923077e-001  0.0000000000000000e+000  0.0000000000000000e+000 -4.2559200920874413e-001  0.0000000000000000e+000  6.9519898304182870e-001  0.0000000000000000e+000  0.0000000000000000e+000  0.0000000000000000e+000  5.2058965564927606e-001
