 -8.0720803891724346e-001  5.9026704287753007e-001
  5.9026704287752529e-001  8.0720803891724002e-001
  1.1423193902654488e-001  9.9345410770011644e-001
  9.9345410770011777e-001 -1.1423193902654488e-001
 -9.5167659596312704e-001 -3.0710202978169165e-001
 -3.0710202978169154e-001  9.5167659596312704e-001
  9.8795895538382172e-001  1.5471619978821941e-001
  1.5471619978821954e-001 -9.8795895538382128e-001
  1.1065006140356798e-001 -9.9385942864742527e-001
 -9.9385942864742527e-001 -1.1065006140356806e-001
  7.8385717807188138e-001  6.2094116016349488e-001
  6.2094116016349377e-001 -7.8385717807188204e-001
 -6.4137770399383043e-001  7.6722528687446256e-001
  7.6722528687446334e-001  6.4137770399383132e-001
 -6.2346779578282974e-001 -7.8184903122130966e-001
 -7.8184903122130889e-001  6.2346779578282940e-001
 -3.1388004868340730e-001  9.4946264541502734e-001
  9.4946264541502734e-001  3.1388004868340713e-001
  9.9660749912824920e-001  8.2301231347633119e-002
  8.2301231347633064e-002 -9.9660749912824920e-001
