588.456
1000
1000
1000
957.245
644.308
743.336
845.386
1000
1000
839.369
1000
510.757
227.237
1000
418.995
652.763
1000
1000
1000
846.285
1000
404.193
383.693
459.059
833.979
956.001
555.956
1000
1000
1000
989.483
623.258
1000
896.85
853.795
1000
1000
1000
774.72
735.181
1000
372.023
343.21
1000
730.459
740.666
755.842
635.761
813.889
600.444
1000
1000
1000
595.999
922.515
663.18
318.453
1000
437.158
1000
737.007
737.768
942.923
1000
1000
718.224
665.995
153.86
739.439
315.7
825.2
284.359
294.472
775.836
644.226
635.684
398.95
1000
307.764
1000
273.341
739.054
1000
980.882
783.784
1000
1000
374.995
683.772
213.734
439.841
915.556
1000
521.162
1000
629.269
316.879
985.425
616.909
1000
729.217
413.034
842.911
348.447
1000
720.184
1000
230.928
1000
1000
845.618
377.183
914.82
948.528
498.001
951.676
466.191
420.058
884.169
542.146
687.367
997.625
589.28
921.42
915.92
597.197
549.45
1000
742.209
1000
444.634
599.849
1000
671.066
903.176
412.123
1000
532.178
269.622
1000
251.719
1000
766.106
1000
822.737
1000
778.008
759.692
1000
786.575
468.368
450.445
827.609
737.633
689.683
742.951
499.839
1000
555.932
661.27
1000
737.177
422.928
487.125
161.337
1000
351.769
312.483
520.669
540.408
1000
962.053
1000
205.105
576.712
772.287
1000
276.268
1000
399.506
758.129
633.618
278.751
164.256
837.902
1000
771.772
179.718
1000
635.641
586.746
1000
909.214
1000
352.277
1000
929.671
465.795
1000
894.957
736.572
282.27
341.008
633.966
898.378
431.703
1000
782.548
1000
1000
772.882
787.729
597.312
823.855
679.766
596.4
762.839
739.192
777.394
1000
535.219
784.672
434.225
1000
493.82
384.524
737.177
682.37
300.669
588.683
749.48
1000
747.583
1000
363.986
740.545
1000
510.619
1000
1000
567.248
1000
286.472
410.427
1000
794.356
542.353
774.137
738.251
959.339
453.688
843.358
436.296
838.06
1000
361.922
1000
1000
365.631
990.146
774.578
1000
902.999
1000
368.809
787.256
1000
905.25
544.318
653.502
575.764
643.658
589.48
768.136
480.226
786.833
737.177
786.402
552.329
779.73
1000
940.948
1000
1000
324.031
1000
1000
791.815
761.982
797.642
1000
468.672
420.693
1000
380.372
855.687
676.007
838.599
1000
1000
1000
1000
448.293
707.151
838.836
1000
772.684
995.173
330.689
1000
950.743
764.644
741.829
435.146
302.863
747.207
1000
768.584
59.7573
913.537
418.668
1000
769.97
609.635
984.96
884.789
279.168
734.029
1000
1000
459.252
300.896
461.535
737.177
501.065
950.639
831.162
550.001
1000
679.643
762.062
746.97
437.329
1000
712.901
548.74
944.52
739.847
1000
842.698
629.614
866.95
1000
726.947
746.226
325.506
411.292
776.81
1000
1000
811.2
1000
1000
738.077
655.503
246.671
1000
75.3935
1000
871.883
458.634
751.757
762.051
1000
257.373
779.649
45.3495
1000
773.947
410.509
796.822
559.018
1000
572.178
1000
941.988
212.716
1000
671.384
1000
610.221
756.516
615.235
980.63
287.268
984.982
1000
1000
1000
912.922
743.839
1000
862.448
481.825
1000
1000
670.693
1000
1000
582.87
482.252
791.366
1000
283.38
759.274
1000
772.508
739.762
947.567
1000
734.341
1000
774.836
1000
7083.33
