7292.79
272615
49081.8
146213
69223.2
11474.1
9769.79
79981.9
123334
137992
38988.5
146317
21121.5
361.225
76175.7
628.275
7230.68
296914
88771.8
266333
236956
198218
922.072
3618.54
4703.15
92988.3
85896.6
492.887
275422
153701
128165
241962
17760.1
191968
40892.4
48060.7
322167
300131
144962
137279
118214
96913.4
1083.36
149.703
114451
4736.04
155993
57049.2
16320.1
58.0038
21402.5
145100
317015
227627
3977.73
102296
0
287.863
89509.8
3331.98
123778
729.625
56114.4
111416
219969
285827
200.312
12299.9
5368.23
115638
28189.7
145643
164.491
244.271
129752
468.704
33282.5
540.985
233102
7048.55
199018
2944.61
153759
246305
68195.5
208049
287197
159861
414.256
18866.7
2.08921
190.278
146049
159386
16885.7
161259
198.648
353.669
144705
8016.59
159484
38044.1
9854.91
82514.8
2583.01
112124
5432.01
231408
223.423
290002
144338
17645.4
0
8581.47
82302.2
4568.77
88425.8
6290.66
797.842
167252
667.725
30645.5
60543.2
15342.8
77352.7
127072
21481.1
0
173350
59239.4
29067.4
542.461
228.007
240809
24741.8
37441.1
18193.1
157122
16186.9
98.6393
198707
939.594
136993
10379.4
18079.8
56118.5
49038.3
66469.4
7958.25
225369
171132
231.228
2330.5
21763
19956.9
20043.9
295.985
1666.2
211439
14918.9
6807.41
330019
24230.5
22640.6
442.806
434.937
300017
2142.9
927.496
7843.95
10550.7
250085
104093
301378
3719.43
36664.1
132907
72426.7
357.677
301463
14795.8
13506.4
9498.81
224.022
303.537
54348.9
199237
74985.9
0
141123
1568.68
950.355
61382
85432.8
305941
7825.9
132409
129748
22816
127955
189811
178544
2271.61
150.633
15235.6
49622
3106.64
222391
145467
253739
191923
18275.1
42632.1
16051
64291.1
14019.2
10331
70489.3
20115
46355.9
114003
45541.4
57070.6
2425.67
160081
154.012
125.282
5439.92
208.846
196.135
274.955
32437.9
29306.9
84673.4
212062
315.738
8657.22
248354
45376.4
316954
279415
299.528
223662
94.2052
233.747
66308.1
111058
3267.63
1439.2
770.345
256068
459.394
34404.9
4888.29
19387.2
212390
14916.5
127344
286779
154.175
132486
22089.1
217112
20323.6
237268
438.776
139342
90343.3
82160.6
10423
37.2608
17423.1
1252.91
232.595
15802.5
612.165
49821.2
33585
119176
32.5507
63445.6
210365
73991.7
191094
241471
50.9855
171003
186393
26890
13875.5
82078.4
77859
5479.25
19.1158
163909
153.464
166518
8527.17
66750.6
95081.4
282494
58779.9
243668
5220.94
21451.9
53246.5
250115
24181.9
100421
142.036
186171
124011
34040.4
176292
40.6064
352.973
22692.5
114060
183.291
238.876
301195
672.806
90914.2
65142.5
16090.6
128886
18699.4
3633.54
23231.6
307222
134827
819.039
8922.14
341.422
281721
161.495
61900
218578
15409
220370
12404
72941.7
78196.2
556.566
164682
19435.2
5750.38
90516.3
1907.67
74.5123
879.288
1427.88
39637.3
253870
30179.6
14575.1
262.096
81.8874
7963.22
170345
159772
90291.3
91405
127096
33174.4
11172.5
717.478
180782
539.206
260892
56728.9
6496.09
73418
21757.9
44259.5
7.72442
38242.7
104.256
172881
65130.2
465.479
85692.2
14826
285269
6330.75
297643
172367
497.149
79936.6
6914.05
115106
1291.94
42254.3
18387.1
94552.2
111.522
106922
79481.1
205148
239211
154503
140834
188082
67897.6
24093.3
203273
69163.1
55099.2
241122
140918
8382.26
279.072
379.788
174662
21.0748
8686.17
200832
36532.6
145247
114629
167869
29664.6
183140
72629.9
209068
