95816.5
0
242679
34034.3
0
149423
270736
69244.2
46136
118972
271805
13509.1
0
9327.03
167694
248323
30481.7
240473
97409.8
0
220816
72357.1
214369
284588
81815.4
5659.23
441.272
13137.9
0
0
233871
1347.42
198214
57157.4
73241.4
183131
4462.27
318619
75105.1
53156.4
52243.2
0
100854
21131.6
58621.9
143027
203991
0
192469
146923
0
358.462
48499.9
99958.4
2678.66
32383.6
43628.8
200736
27262
0
68292.4
0
1292.17
295727
40606.1
279234
0
0
28736.4
189890
7527.85
19544.5
30452.3
16305.1
61993.1
88071.6
143413
50921.5
155729
0
0
0
23000.1
1493.68
48806.6
248106
36155
76712.9
48800.4
144122
130064
124104
25076.6
0
144918
193564
175513
5583.98
32232
29118.2
226720
55671.4
0
291872
19905
0
922.448
60303.1
160795
498.954
7432.53
0
0
301814
133507
0
37982.2
0
209843
14999.1
165437
104513
310000
25973.4
289495
121154
285444
0
9040.63
117482
272655
50492.7
13465.5
45523.5
129925
406.914
0
305792
13941.6
62344.9
33314.1
0
33042.7
95988.7
50070.3
306188
181741
74698.8
14370.1
8840.7
0
24937.1
0
164699
0
32243.1
0
0
5814.42
37054.9
1428.31
51555.6
289495
171167
46471
52118.8
60284.3
2013.35
0
270252
0
26085.1
186593
26712.6
48676.6
115284
126453
59050.1
124708
300101
134108
9995.46
47857.1
104317
3445.54
0
0
30282.4
53979.5
203789
0
10339.8
231.357
293196
185625
81413
1001.24
200235
23003.5
1548.48
14408.3
56185.5
29638.7
219755
211567
252248
127643
3540.02
300.699
0
293809
0
82146.9
81755.5
317687
0
61236.5
5029.81
0
210102
231764
0
261867
0
32275.6
50879.2
80712.5
90411.4
66.5591
83399.2
13300.7
1310.58
66771.5
0
19728.8
137021
0
0
0
3849.89
77662.4
316294
4034.33
65024
52733
0
38344.2
22088.1
133203
23960.4
0
0
155010
233340
149643
148254
221789
5146.37
0
186960
138913
229240
21997.1
2074.45
5113.3
104791
0
12723.9
161248
0
14387
0
44600.5
1497.62
11269.2
9113.69
53906.8
225932
270132
201598
4253.52
0
8962.08
15774.3
304214
35505.5
25849.6
33751.1
107730
123001
571.465
537.374
259180
190348
8288.45
18746.6
133309
0
11276.9
93548.5
160329
78529.3
0
0
64414.9
194610
15725.9
81842.6
40039.2
312316
192945
36846.5
29697.6
0
30440
55923.6
9997.52
0
4558.81
166087
68620.8
0
0
2415.2
4609.55
0
247175
250455
78107.3
118774
17048.6
172579
0
216218
9360.92
129723
44276.9
36075.2
244686
14.0844
24628.7
40459.2
153934
8608.16
59873.7
0
18634.9
29316.5
271139
0
147381
102852
31039.3
65711.7
307890
275818
0
188114
6981.05
46978.7
37402.5
58483
141233
129628
68374.9
2314.95
272578
0
2977.83
617.491
0
233932
266085
136418
80854.8
0
110097
0
106187
252827
174888
0
200427
53211.1
32687
0
11908.9
19223.8
52243.1
239006
0
2300.29
77829.3
199654
317035
122709
147181
0
24276.2
54906.8
305611
51407.2
41785.4
113670
25224.1
10791.8
146030
14634.5
47131.4
104754
0
0
155054
122187
64364.8
19292.8
0
124943
68487.5
160616
277661
245215
74437.2
9253.89
0
68301.3
40594.5
19436.4
0
131567
28216.2
5809.1
3409.79
131481
1791.51
37197.1
234730
199572
41536.8
0
29345.1
387.653
193035
34497
254377
51455.2
29029.3
166176
0
162819
11576.2
108979
210858
76872.8
95758
243458
175617
96303.7
0
0
51989
221035
16574.1
0
5835.78
299957
4322.44
17008.3
226781
39033.6
231464
132033
117554
190357
8718.87
2589.32
48179.6
249233
160108
21751.3
0
11235.3
214738
31060.4
83857.6
0
20905.9
0
0
112114
186129
64680.7
11328.4
41983
105874
8910.64
114851
0
169523
128592
272333
3180.25
92068.2
38435.4
130913
8153.31
14397.1
224522
274099
208278
215126
67321.5
187075
0
17249.3
61804.2
0
210525
143591
132093
218728
76716.1
219946
3909.68
82323.3
54951.7
1508.18
293213
123661
176874
15699.1
151636
0
50253.6
185635
45148.4
72241.7
95316.3
0
44501.3
0
2800.94
21741.2
30602.7
1205.03
148230
40580
0
1919.37
28147.8
282469
5656.17
0
161764
15647.1
510.82
4177.12
62628.4
65384.9
167278
0
0
0
13894.1
151005
297799
104415
43434.7
171712
0
13440.6
307.615
197241
1531.18
35331.4
2955.53
78005.8
27774.1
0
6741.8
60846.4
79131.5
6097.96
135101
0
0
1371.62
10100.2
180939
18750
294344
3061.1
119175
91699.3
0
0
232260
190595
23078.2
0
0
192131
202353
3197.41
7672.13
840.363
42461.9
163272
4032.57
10996
142761
970.88
37943.4
65009.8
0
0
270611
15627
1921.21
309819
170313
0
0
9853.11
143965
168119
53149.9
31733.3
5537.58
256302
76509.4
0
0
22129
17348.2
1612.24
151859
0
81304.7
53889.4
3345.94
223787
25347.9
6116.54
135297
106847
0
114843
150521
181078
33299.1
97312.1
5192.16
0
95215.2
93890
192266
2850.75
236189
122887
9315.43
134.181
9134.7
216818
52596.1
110571
7350.65
0
1494.48
11911
295925
162433
21207.3
12161.6
324592
171894
0
50629.9
147874
20478.2
118778
235848
36998.8
257054
115021
115710
11794
6550.03
18836
3777.45
13224.5
0
0
0
52513.8
41951.2
185552
0
4780.11
0
97892.2
0
38936.9
329032
11245.5
0
127512
0
16285.8
75299.5
71189.3
72910
69303.2
179106
295824
