810.804
349.709
887.685
601.719
149.746
675.433
931.308
702.031
671.953
839.709
998.637
475.417
268.158
637.203
908.257
998.948
536.753
951.885
645.019
338.109
848.919
287.7
998.296
994.641
793.271
435.554
409.357
534.948
168.856
160.581
970.496
198.943
859.242
710.949
649.563
844.154
149.027
999.455
777.279
683.263
658.307
228.095
752.894
639.39
659.36
855.34
990.511
294.27
955.53
890.718
301.513
356.036
686.419
658.552
215.353
585.05
633.867
994.288
633.62
196.955
631.499
184.647
419.656
968.4
603.642
991.059
437.07
294.017
654.026
968.279
386.798
520.118
636.835
594.508
712.137
638.229
815.768
684.164
787.891
139.268
249.664
233.53
559.473
440.019
634.041
994.247
579.908
803.574
671.067
997.241
866.128
825.627
540.81
173.581
906.434
953.273
913.406
345.376
618.33
675.706
999.81
777.815
310.365
991.52
639.845
350.006
260.912
706.879
921.09
423.99
398.111
113.014
226.05
992.304
633.22
94.6896
798.347
470.049
992.32
423.136
930.569
810.82
996.87
644.516
992.434
875.466
990.986
504.254
477.647
763.771
995.631
748.315
514.711
692.348
877.811
49.4439
394.603
999.379
646.176
848.45
667.773
284.466
651.381
801.342
664.277
989.705
964.153
725.422
521.1
653.781
469.636
629.172
382.627
775.613
183.509
628.207
283.522
198.482
386.603
631.74
300.677
646.217
998.425
998.823
815.645
671.341
711.054
428.35
100.481
996.828
83.0549
478.042
989.064
553.004
886.271
638.521
833.212
631.558
633.392
998.135
742.669
427.713
709.168
662.002
625.04
242.568
254.878
581.275
710.992
994.165
280.81
495.797
208.13
995.951
979.255
824.139
366.376
876.279
605.425
320.579
654.086
668.756
583.552
956.581
951.948
996.653
642.222
343.579
411.622
133.148
998.418
164.414
670.976
801.912
996.737
169.933
728.459
505.12
208.12
998.613
995.18
631.721
998.337
207.718
639.03
651.122
802.835
777.629
153.312
797.26
455.607
439.207
632.726
197.241
632.027
682.438
160.386
151.076
181.229
362.094
633.76
997.805
414.665
788.605
663.407
189.213
640.061
580.19
881.061
654.374
120.205
335.648
972.307
913.937
767.679
841.672
999.566
539.357
468.394
797.506
684.675
994.431
559.851
453.354
572.644
818.537
651.114
361.135
988.256
190.108
589.249
639.585
629.728
381.906
495.539
464.695
627.778
994.312
994.824
780.902
277.278
183.559
484.198
599.709
999.041
651.324
632.242
656.595
791.653
860.208
519.189
493.367
995.184
978.513
622.765
433.729
641.727
200.36
463.321
628.575
899.448
740.734
439.053
268.823
669.855
844.946
529.309
787.91
640.002
993.877
842.305
627.851
630.805
473.485
543.954
739.403
477.764
112.976
171.853
796.051
757.855
372.999
179.366
684.639
306.139
294.983
997.086
993.983
699.925
705.207
447.659
989.233
665.643
997.604
244.429
722.922
628.948
635.554
999.552
372.195
626.694
629.839
734.137
439.028
639.913
340.626
514.605
486.874
998.221
392.531
687.198
817.341
567.019
640.084
999.148
997.182
152.614
937.495
444.617
993.971
555.418
841.711
653.413
879.499
769.197
353.72
999.871
72.5172
449.111
400.195
382.293
995.938
996.682
998.224
637.804
159.315
837.177
130.217
644.124
994.227
947.971
238.311
772.945
681.451
617.66
71.1817
452.188
649.677
689.184
998.037
208.747
233.033
740.913
983.468
998.381
786.872
851.855
293.044
642.884
824.141
991.2
650.739
760.638
832.868
1000
271.433
774.216
643.849
664.148
978.458
472.838
370.121
773.34
897.762
652.792
516.33
137.534
647.3
638.547
900.717
989.375
998.676
762.597
493.538
342.244
789.96
649.613
478.182
343.465
942.041
567.261
442.207
282.179
863.989
365.288
633.882
997.229
993.76
638.298
232.199
626.002
358.02
998.214
643.395
997.883
663.516
610.752
973.813
239.789
1000
443.878
837.471
971.377
679.045
996.642
997.278
993.512
764.695
268.856
359.682
875.228
997.17
505.768
178.198
453.182
998.018
489.31
534.818
999.949
678.2
997.514
885.859
995.746
763.185
508.515
291.387
643.153
999.546
942.093
627.361
296.636
362.367
997.551
448.944
751.759
283.635
577.434
587.885
201.314
849.952
995.376
770.314
518.8
626.933
820.049
527.506
720.628
153.75
903.381
859.897
999.072
559.344
643.798
632.299
993.404
544.927
622.844
857.702
996.404
995.546
947.796
922.615
841.583
124.891
342.343
639.85
496.921
993.422
796.322
963.932
950.892
897.372
997.345
268.438
745.624
638.206
530.654
994.843
631.981
938.288
397.821
929.17
586.014
623.152
994.928
646.77
644.144
643.669
498.755
631.814
371.671
434.28
436.217
573.154
456.933
756.979
856.106
310.116
382.37
636.6
998.136
637.135
239.861
995.229
491.724
434.153
678.239
737.563
722.828
743.59
313.962
317.386
123.876
651.473
920.318
997.178
724.994
636.75
787.618
175.301
366.072
371.388
991.243
514.805
620.847
339.792
741.918
617.609
298.977
414.453
621.598
804.371
360.152
877.851
440.715
565.896
590.931
255.952
875.932
529.56
995.427
233.906
846.835
633.024
192.914
244.71
994.99
981.905
618.427
167.254
341.674
989.087
996.262
467.052
631.532
366.544
626.36
919.413
284.548
471.821
905.933
634.765
677.286
668.695
388.544
388.611
992.734
634.675
503.428
994.948
732.614
127.232
576.976
635.8
936.313
960.196
648.028
600.89
555.555
958.288
761.483
333.093
229.939
662.376
645.538
585.845
905.601
378.161
773.177
882.89
348.631
999.325
596.129
412.491
742.304
859.946
438.47
775.21
869.797
997.436
631.631
870.142
479.36
140.442
861.142
744.639
967.625
513.336
993.72
650.903
502.587
372.922
275.01
993.102
637.885
802.671
615.296
275.723
540.421
643.112
994.808
882.56
631.124
498.323
994.395
901.791
176.111
974.083
929.55
567.922
997.588
998.496
680.087
994.741
852.645
850.484
443.466
446.621
625.915
463.629
637.557
640.192
261.129
242.348
691.659
685.236
981.07
379.77
348.872
270.122
789.556
294.297
633.294
996.93
524.838
296.431
630.084
528.729
528.586
819.712
753.748
789.594
698.003
951.139
939.726
11916.7
