1101 1 0.417022004702574 166.63823962379408
1101 1 0.7203244934421581 142.37404052462736
1101 1 0.00011437481734488664 199.9908500146124
1101 1 0.30233257263183977 175.81339418945282
1101 1 0.14675589081711304 188.25952873463095
1102 1 0.0923385947687978 0.9573807645261523
1102 1 0.1862602113776709 9.645808013406878e-05
1102 1 0.34556072704304774 0.1847120190900282
1102 1 0.39676747423066994 1.709430402798799e-08
1102 1 0.538816734003357 0.30356563878598486
1103 1 0.4191945144032948 0.4208562655488831
1103 1 0.6852195003967595 0.4948383501620056
1103 1 0.20445224973151743 0.17367728916242925
1103 1 0.8781174363909454 0.06793096877908326
1103 1 0.027387593197926163 0.0003749562541057109
1104 1 0.6704675101784022,0.41730480236712697 59.43007973611207
1104 1 0.5586898284457517,0.14038693859523377 47.51372416854587
1104 1 0.1981014890848788,0.8007445686755367 58.81986539280749
1104 1 0.9682615757193975,0.31342417815924284 69.74964864087023
1104 1 0.6923226156693141,0.8763891522960383 76.3000892938902
1105 1 0.8946066635038473,0.08504421136977791 -2.07443780200283
1105 1 0.03905478323288236,0.1698304195645689 0.0993130458861108
1105 1 0.8781425034294131,0.0983468338330501 -2.036675631003102
1105 1 0.42110762500505217,0.9578895301505019 -0.745922133064848
1105 1 0.5331652849730171,0.6918771139504734 -0.34572427853619925
1106 1 0.31551563100606295,0.6865009276815837 9.492630000440563
1106 1 0.8346256718973729,0.018288277344191806 -14.231447288962256
1106 1 0.7501443149449675,0.9888610889064947 -6.754205873041235
1106 1 0.7481656543798394,0.2804439920644052 12.048129148830574
1106 1 0.7892793284514885,0.10322600657764203 -2.6553609466778676
1107 1 0.44789352617590517,0.9085955030930956 -0.9012788382848222
1107 1 0.2936141483736795,0.28777533858634874 0.20843183891641712
1107 1 0.13002857211827767,0.019366957870297075 -0.9925221536534946
1107 1 0.678835532939891,0.21162811600005904 0.24535990175816808
1107 1 0.2655466593722262,0.4915731592803383 -0.6845091066782472
1108 1 0.053362545117080384,0.5741176054920131,0.14672857490581015 -0.034612635886936444
1108 1 0.5893055369032842,0.6997583600209312,0.10233442882782584 0.7932485930478418
1108 1 0.4140559878195683,0.6944001577277451,0.41417926952690265 28.630727911032093
1108 1 0.04995345894608716,0.5358964059155116,0.6637946452197888 -4.961008091048798
1108 1 0.5148891120583086,0.9445947559908133,0.5865550405019929 -1.2405570343739107
1109 1 0.9034019152878835,0.13747470414623753,0.13927634725075855 -0.8159972094253232
1109 1 0.8073912887095238,0.3976768369855336,0.16535419711693278 -0.09721423299713888
1109 1 0.9275085803960339,0.34776585974550656,0.7508121031361555 -0.016009887565176836
1109 1 0.7259979853504515,0.8833060912058098,0.6236722070556089 0.03811876167021799
1109 1 0.7509424340273372,0.34889834197784253,0.2699278917650261 0.03814817859197592
1110 1 0.8958862181960668,0.4280911898712949 -14.455695713314004
1110 1 0.9648400471483856,0.6634414978184481 -21.978418629771145
1110 1 0.6216957202091218,0.11474597295337519 -17.25272178013836
1110 1 0.9494892587070712,0.4499121334799405 -27.981969742104397
1110 1 0.5783896143871318,0.40813680276128117 -13.107393391143166
1111 1 0.2370269802430277,0.9033795205622538 -475.84671137391626
1111 1 0.5736794866722859,0.00287032703115897 -456.7485286802522
1111 1 0.6171449136207239,0.32664490177209615 -429.6484179063601
1111 1 0.5270581022576093,0.8859420993107745 -342.21109831511677
1111 1 0.35726976000249977,0.9085351509197992 -414.37269692027314
1112 1 0.6233601157918027,0.015821242846556283 -808.2454396594284
1112 1 0.9294372337437613,0.690896917516924 -918.7394613119765
1112 1 0.9973228504514805,0.17234050834532855 -873.1265835044131
1112 1 0.13713574962887776,0.9325954630371636 -656.1222961782472
1112 1 0.6968181614899002,0.06600017272206249 -781.8565609976633
1113 1 0.7554630526024664,0.7538761884612464 -749.7345123310323
1113 1 0.9230245355464833,0.7115247586284718 -735.5434571800989
1113 1 0.1242709619721647,0.01988013383979559 -1181.3880130622942
1113 1 0.026210986877719278,0.028306488020794607 -1132.092876645051
1113 1 0.2462110676030459,0.860027948682888 -1066.8418056283822
1114 1 0.5388310643416528,0.5528219786857659,0.8420308923596057 -2082.3737075726067
1114 1 0.12417331511991114,0.2791836790111395,0.5857592714582879 -2111.723719625489
1114 1 0.9695957483196745,0.56103021925571,0.01864728937294302 -2125.4053534638215
1114 1 0.8006326726806163,0.23297427384102043,0.8071051956187791 -1751.8702003019268
1114 1 0.38786064406417176,0.8635418545594287,0.7471216427371846 -1883.8282851153228
1115 1 0.5562402339904189,0.13645522566068502,0.05991768951221166 -1269.5167296318673
1115 1 0.12134345574073735,0.044551878544761725,0.1074941291060929 -1250.9886217805483
1115 1 0.2257093386078547,0.7129889803826767,0.5597169820541424 -1007.8165303379417
1115 1 0.012555980159115854,0.07197427968948678,0.967276330000272 -1347.3935106748377
1115 1 0.5681004619199421,0.20329323466099047,0.2523257445703234 -1398.3700364962976
1116 1 0.7438258540750929,0.1954294811093188,0.5813589272732578,0.9700199890883123,0.8468288014900353 -1378.519927865812
1116 1 0.23984775914758616,0.49376971426872995,0.6199557183813798,0.8289808995501787,0.15679139464608427 -1435.2558926265447
1116 1 0.018576202177409518,0.07002214371922233,0.4863451109370318,0.6063294616533303,0.5688514370864813 -1106.754565481578
1116 1 0.31736240932216075,0.9886161544124489,0.5797452192457969,0.3801411726235504,0.5509482191178968 -1525.1696482829254
1116 1 0.7453344309065021,0.6692328934531846,0.2649195576628094,0.06633483442844157,0.3700841979141063 -1396.4720532565807
1117 1 0.6297175070215645,0.2101740099148396,0.7527555537388139,0.06653648135411494,0.26031509857854096 -1210.1100733120397
1117 1 0.8047545637433454,0.19343428262332774,0.6394608808799401,0.5246703091237337,0.9248079703993507 -1283.0554793352007
1117 1 0.263296770487111,0.06596109068402378,0.7350659632886695,0.7721780295432468,0.907815852503524 -1181.0094410732495
1117 1 0.9319720691968373,0.013951572975597015,0.2343620861214205,0.6167783570016576,0.9490163206876164 -1258.1986189833272
1117 1 0.9501761192470797,0.5566531881951564,0.9156063497662745,0.6415662089463375,0.39000771414124624 -1166.4433956416622
1118 1 0.48599066709690975,0.6043104829199732,0.5495479215085626,0.9261814267064536,0.9187334356336061,0.3948756129235549,0.9632625284407118,0.17395566668046436,0.12632951943963733,0.13507915804673132 -2136.4366250919443
1118 1 0.5056621656768967,0.021524805274197978,0.947970211217681,0.8271154711707325,0.015018980742122379,0.17619625557505525,0.332063574366837,0.1309968448109169,0.8094906921265821,0.34473665268329345 -1789.7392988178308
1118 1 0.9401074823333672,0.58201417994708,0.8788319844118441,0.8447344453922219,0.9053923187086492,0.45988026581680697,0.5463468160203733,0.7986035911520394,0.28571885173414757,0.4902535226199277 -1773.3122015870904
1118 1 0.5991103076458784,0.015533275550835723,0.5934814081966372,0.4336763489894583,0.8073605288848414,0.31524480309537295,0.8928887085251513,0.5778572152845355,0.18401020162746506,0.7879292338255043 -1729.7775922505077
1118 1 0.6120311770449339,0.053909272073752956,0.4201936800011322,0.6790688365654296,0.9186017779775258,0.00040202489135743313,0.9767591490310596,0.37658031474577447,0.9737835383583225,0.604716100974053 -1677.9187818355138
1119 1 0.828845807980693,0.5747115047081023,0.6280761983073504,0.28557628169569393,0.586833340656083,0.7500217637026599,0.8583138364290424,0.7550821884676802,0.698057248447303,0.8644794300545998 -1496.653671642708
1119 1 0.32268099683674645,0.6707887907875872,0.45087393641334916,0.3821027520315172,0.4108113499221856,0.4014795834695406,0.3173839459582769,0.6219193679203014,0.43024727082126435,0.9738020779272523 -1484.1182031150577
1119 1 0.6778008914343111,0.19856988842711087,0.4267010093480328,0.343346239774423,0.7976388039585666,0.8799982885634318,0.903841955826372,0.6627198123752622,0.2702082620297578,0.25236670150458973 -1367.7243668969977
1119 1 0.8548979426974024,0.5277146463087466,0.8021610840045981,0.5724885171916063,0.7331425252875111,0.5190116274640558,0.770883910501888,0.5688579907047155,0.4657098785919809,0.3426889079532818 -1370.3521565778592
1119 1 0.06820934841670412,0.37792417932809985,0.07962607769825236,0.982817113730445,0.18161285133076377,0.8118586977205398,0.8749616449558981,0.6884132523859433,0.5694944127453757,0.16097143681560877 -1604.6438929268768
1120 1 0.4668800227633063,0.345172051155215,0.2250399578140846,0.5925118687657968,0.31226983770191696,0.9163055534683507,0.9096355249515571,0.2571182937821962,0.1108913007440292,0.19296273201911285,0.49958417067888605,0.7285856679745962,0.20819443840879148,0.24803355837723073,0.851671874936367,0.41584871826752734,0.6166850671552362,0.23366613923925006,0.10196725942579743,0.5158570169685298 -1390.6069724683307
1120 1 0.47714098704978236,0.15267164409316325,0.6218062317404155,0.5440101188139381,0.6541373469707443,0.1445455401246598,0.7515278171352439,0.2220491397999227,0.519351824366033,0.7852960282216189,0.02233042799180618,0.3243624597261865,0.872922376400111,0.8447096076020696,0.5384405925945437,0.866608274166513,0.9498059913536265,0.8264069976293413,0.8541154438365387,0.09874340182034835 -1190.1028092999754
1120 1 0.651304332340991,0.703516988152653,0.6102408126466297,0.799615261736028,0.03457121987163425,0.7702387345549799,0.731728600739527,0.2596983932983531,0.2570692988221467,0.6323033174301278,0.34529746159108154,0.7965886780072875,0.44614623200345727,0.7827494147841719,0.9904717836238407,0.30024833953390007,0.14300582825809938,0.9013084363492738,0.5415593788873733,0.9747403708550822 -1320.1862354022358
1120 1 0.6366044000018972,0.9939130246104789,0.5460708041429516,0.5264259339055213,0.1354279030721699,0.3557051709838811,0.026218567296373285,0.1603951795196491,0.7456371927074961,0.03039968992878883,0.36654309724374434,0.8623462528380441,0.6926777175073543,0.6909421420661686,0.18863680095531088,0.44190428074842336,0.5815774073442912,0.9897517076637052,0.20390622523312185,0.24773290176235485 -1425.799962273832
1120 1 0.26217308377291193,0.7501724132979928,0.4569753274356928,0.05692943841109499,0.5085162406102396,0.21196016464367595,0.7986042447602102,0.29733138150727223,0.02760601195450363,0.593432449464621,0.8438404289311888,0.3810161240622142,0.7498583107261434,0.5111414782971282,0.5409518049621886,0.9594343210617524,0.8039608914986468,0.03232306662357398,0.7093872512312951,0.46500148156350607 -1158.5035359741905