1001 1 1,2,5,3,22,2,2,7,6,5,5,4,34,1,2,-13,4,5,6,7 7256044860513.794922
1001 1 1,2,5,3,22,44,9,7,6,5,5,4,34,1,2,3,4,5,6,7 10151175011350.427734
1001 1 1,2,5,3,22,44,9,71,6,3,5,4,34,1,-2,3,4,5,6,7 16388816657904.773438
1001 1 1,2,5,3,22,44,-9,7,6,-12 28467684261.561691
1001 1 1,2,5,3,22,44,9,7,6,5 70103450334.494202
1001 1 1,2,55,3,1,-14,9,70,55,1 162991225750.778442
1001 1 -10,21 3381.038368
1001 1 0,-22 8125659.156759
1001 1 2,31 4357.425844
1002 1 1,2,5,3,22,2,2,7,6,5,5,4,34,1,2,-13,4,5,6,7 12055.808814
1002 1 1,2,5,3,22,44,9,7,6,5,5,4,34,1,2,3,4,5,6,7 10609.178730
1002 1 1,2,5,3,22,44,9,71,6,3,5,4,34,1,-2,3,4,5,6,7 12019.523004
1002 1 1,2,5,3,22,44,-9,7,6,-12 11934.605285
1002 1 1,2,5,3,22,44,9,7,6,5 10131.681895
1002 1 1,2,55,3,1,-14,9,70,55,1 12691.385587
1002 1 -10,21 401.179534
1002 1 0,-22 524.814504
1002 1 2,31 410.052667
1003 1 1,2,5,3,22,2,2,7,6,5,5,4,34,1,2,-13,4,5,6,7 600.809553
1003 1 1,2,5,3,22,44,9,7,6,5,5,4,34,1,2,3,4,5,6,7 600.799804
1003 1 1,2,5,3,22,44,9,71,6,3,5,4,34,1,-2,3,4,5,6,7 600.841621
1003 1 1,2,5,3,22,44,-9,7,6,-12 600.697329
1003 1 1,2,5,3,22,44,9,7,6,5 600.671699
1003 1 1,2,55,3,1,-14,9,70,55,1 600.847910
1003 1 -10,21 600.706432
1003 1 0,-22 600.787969
1003 1 2,31 601.231366
1004 1 1,2,5,3,22,2,2,7,6,5,5,4,34,1,2,-13,4,5,6,7 1056.996016
1004 1 1,2,5,3,22,44,9,7,6,5,5,4,34,1,2,3,4,5,6,7 1123.834582
1004 1 1,2,5,3,22,44,9,71,6,3,5,4,34,1,-2,3,4,5,6,7 1103.802636
1004 1 1,2,5,3,22,44,-9,7,6,-12 967.044496
1004 1 1,2,5,3,22,44,9,7,6,5 909.072043
1004 1 1,2,55,3,1,-14,9,70,55,1 954.314739
1004 1 -10,21 836.462165
1004 1 0,-22 837.138919
1004 1 2,31 842.216993
1005 1 1,2,5,3,22,2,2,7,6,5,5,4,34,1,2,-13,4,5,6,7 930.255637
1005 1 1,2,5,3,22,44,9,7,6,5,5,4,34,1,2,3,4,5,6,7 929.392512
1005 1 1,2,5,3,22,44,9,71,6,3,5,4,34,1,-2,3,4,5,6,7 927.139498
1005 1 1,2,5,3,22,44,-9,7,6,-12 913.382821
1005 1 1,2,5,3,22,44,9,7,6,5 913.430021
1005 1 1,2,55,3,1,-14,9,70,55,1 933.995006
1005 1 -10,21 900.359255
1005 1 0,-22 901.157151
1005 1 2,31 900.760153
1006 1 1,2,5,3,22,2,2,7,6,5,5,4,34,1,2,-13,4,5,6,7 11495668751.180433
1006 1 1,2,5,3,22,44,9,7,6,5,5,4,34,1,2,3,4,5,6,7 8783238150.168579
1006 1 1,2,5,3,22,44,9,71,6,3,5,4,34,1,-2,3,4,5,6,7 8783238183.600880
1006 1 1,2,5,3,22,44,-9,7,6,-12 9517697610.074615
1006 1 1,2,5,3,22,44,9,7,6,5 12175805111.349623
1006 1 1,2,55,3,1,-14,9,70,55,1 21251574809.242569
1007 1 1,2,5,3,22,2,2,7,6,5,5,4,34,1,2,-13,4,5,6,7 3028.722173
1007 1 1,2,5,3,22,44,9,7,6,5,5,4,34,1,2,3,4,5,6,7 3318.062724
1007 1 1,2,5,3,22,44,9,71,6,3,5,4,34,1,-2,3,4,5,6,7 3324.607097
1007 1 1,2,5,3,22,44,-9,7,6,-12 2601.242411
1007 1 1,2,5,3,22,44,9,7,6,5 2809.746200
1007 1 1,2,55,3,1,-14,9,70,55,1 2673.001937
1008 1 1,2,5,3,22,2,2,7,6,5,5,4,34,1,2,-13,4,5,6,7 113445.296946
1008 1 1,2,5,3,22,44,9,7,6,5,5,4,34,1,2,3,4,5,6,7 88345.518017
1008 1 1,2,5,3,22,44,9,71,6,3,5,4,34,1,-2,3,4,5,6,7 93723.795593
1008 1 1,2,5,3,22,44,-9,7,6,-12 164756.937715
1008 1 1,2,5,3,22,44,9,7,6,5 41596.650954
1008 1 1,2,55,3,1,-14,9,70,55,1 34800.667488
1009 1 1,2,5,3,22,2,2,7,6,5,5,4,34,1,2,-13,4,5,6,7 6440.035895
1009 1 1,2,5,3,22,44,9,7,6,5,5,4,34,1,2,3,4,5,6,7 6528.710817
1009 1 1,2,5,3,22,44,9,71,6,3,5,4,34,1,-2,3,4,5,6,7 6233.080165
1009 1 1,2,5,3,22,44,-9,7,6,-12 5532.012630
1009 1 1,2,5,3,22,44,9,7,6,5 4767.320546
1009 1 1,2,55,3,1,-14,9,70,55,1 4577.221275
1009 1 -10,21 2846.284800
1009 1 0,-22 5021.082890
1009 1 2,31 2649.975151
1010 1 1,2,5,3,22,2,2,7,6,5,5,4,34,1,2,-13,4,5,6,7 10443.235813
1010 1 1,2,5,3,22,44,9,7,6,5,5,4,34,1,2,3,4,5,6,7 10663.159389
1010 1 1,2,5,3,22,44,9,71,6,3,5,4,34,1,-2,3,4,5,6,7 10511.703841
1010 1 1,2,5,3,22,44,-9,7,6,-12 7052.138964
1010 1 1,2,5,3,22,44,9,7,6,5 6736.467389
1010 1 1,2,55,3,1,-14,9,70,55,1 5229.463593
1010 1 -10,21 2647.885515
1010 1 0,-22 2726.699910
1010 1 2,31 2701.097624
1011 1 1,2,5,3,22,2,2,7,6,5,5,4,34,1,2,-13,4,5,6,7 12652.695342
1011 1 1,2,5,3,22,44,9,7,6,5,5,4,34,1,2,3,4,5,6,7 13180.429584
1011 1 1,2,5,3,22,44,9,71,6,3,5,4,34,1,-2,3,4,5,6,7 13735.288705
1011 1 1,2,5,3,22,44,-9,7,6,-12 4725.129758
1011 1 1,2,5,3,22,44,9,7,6,5 5339.939305
1011 1 1,2,55,3,1,-14,9,70,55,1 8921.731093
1011 1 -10,21 3237.136186
1011 1 0,-22 2993.843164
1011 1 2,31 3180.542728
1012 1 1,2,5,3,22,2,2,7,6,5,5,4,34,1,2,-13,4,5,6,7 8379.401598
1012 1 1,2,5,3,22,44,9,7,6,5,5,4,34,1,2,3,4,5,6,7 8789.779455
1012 1 1,2,5,3,22,44,9,71,6,3,5,4,34,1,-2,3,4,5,6,7 8078.712513
1012 1 1,2,5,3,22,44,-9,7,6,-12 5787.709946
1012 1 1,2,5,3,22,44,9,7,6,5 5676.913834
1012 1 1,2,55,3,1,-14,9,70,55,1 3770.029758
1012 1 -10,21 3231.614562
1012 1 0,-22 4106.226492
1012 1 2,31 3259.645676
