1 1 1,2,5,3,22,2,2,7,6,5,5,4,34,1,2,-13,4,5,6,7 7256044860513.794922
1 1 1,2,5,3,22,44,9,7,6,5,5,4,34,1,2,3,4,5,6,7 10151175011350.427734
1 1 1,2,5,3,22,44,9,71,6,3,5,4,34,1,-2,3,4,5,6,7 16388816657904.773438
1 1 1,2,5,3,22,44,-9,7,6,-12 28467684261.561691
1 1 1,2,5,3,22,44,9,7,6,5 70103450334.494202
1 1 1,2,55,3,1,-14,9,70,55,1 162991225750.778442
1 1 -10,21 3381.038368
1 1 0,-22 8125659.156759
1 1 2,31 4357.425844
2 1 1,2,5,3,22,2,2,7,6,5,5,4,34,1,2,-13,4,5,6,7 12055.808814
2 1 1,2,5,3,22,44,9,7,6,5,5,4,34,1,2,3,4,5,6,7 10609.178730
2 1 1,2,5,3,22,44,9,71,6,3,5,4,34,1,-2,3,4,5,6,7 12019.523004
2 1 1,2,5,3,22,44,-9,7,6,-12 11934.605285
2 1 1,2,5,3,22,44,9,7,6,5 10131.681895
2 1 1,2,55,3,1,-14,9,70,55,1 12691.385587
2 1 -10,21 401.179534
2 1 0,-22 524.814504
2 1 2,31 410.052667
3 1 1,2,5,3,22,2,2,7,6,5,5,4,34,1,2,-13,4,5,6,7 600.809553
3 1 1,2,5,3,22,44,9,7,6,5,5,4,34,1,2,3,4,5,6,7 600.799804
3 1 1,2,5,3,22,44,9,71,6,3,5,4,34,1,-2,3,4,5,6,7 600.841621
3 1 1,2,5,3,22,44,-9,7,6,-12 600.697329
3 1 1,2,5,3,22,44,9,7,6,5 600.671699
3 1 1,2,55,3,1,-14,9,70,55,1 600.847910
3 1 -10,21 600.706432
3 1 0,-22 600.787969
3 1 2,31 601.231366
4 1 1,2,5,3,22,2,2,7,6,5,5,4,34,1,2,-13,4,5,6,7 1056.996016
4 1 1,2,5,3,22,44,9,7,6,5,5,4,34,1,2,3,4,5,6,7 1123.834582
4 1 1,2,5,3,22,44,9,71,6,3,5,4,34,1,-2,3,4,5,6,7 1103.802636
4 1 1,2,5,3,22,44,-9,7,6,-12 967.044496
4 1 1,2,5,3,22,44,9,7,6,5 909.072043
4 1 1,2,55,3,1,-14,9,70,55,1 954.314739
4 1 -10,21 836.462165
4 1 0,-22 837.138919
4 1 2,31 842.216993
5 1 1,2,5,3,22,2,2,7,6,5,5,4,34,1,2,-13,4,5,6,7 930.255637
5 1 1,2,5,3,22,44,9,7,6,5,5,4,34,1,2,3,4,5,6,7 929.392512
5 1 1,2,5,3,22,44,9,71,6,3,5,4,34,1,-2,3,4,5,6,7 927.139498
5 1 1,2,5,3,22,44,-9,7,6,-12 913.382821
5 1 1,2,5,3,22,44,9,7,6,5 913.430021
5 1 1,2,55,3,1,-14,9,70,55,1 933.995006
5 1 -10,21 900.359255
5 1 0,-22 901.157151
5 1 2,31 900.760153
6 1 1,2,5,3,22,2,2,7,6,5,5,4,34,1,2,-13,4,5,6,7 11495668751.180433
6 1 1,2,5,3,22,44,9,7,6,5,5,4,34,1,2,3,4,5,6,7 8783238150.168579
6 1 1,2,5,3,22,44,9,71,6,3,5,4,34,1,-2,3,4,5,6,7 8783238183.600880
6 1 1,2,5,3,22,44,-9,7,6,-12 9517697610.074615
6 1 1,2,5,3,22,44,9,7,6,5 12175805111.349623
6 1 1,2,55,3,1,-14,9,70,55,1 21251574809.242569
7 1 1,2,5,3,22,2,2,7,6,5,5,4,34,1,2,-13,4,5,6,7 3028.722173
7 1 1,2,5,3,22,44,9,7,6,5,5,4,34,1,2,3,4,5,6,7 3318.062724
7 1 1,2,5,3,22,44,9,71,6,3,5,4,34,1,-2,3,4,5,6,7 3324.607097
7 1 1,2,5,3,22,44,-9,7,6,-12 2601.242411
7 1 1,2,5,3,22,44,9,7,6,5 2809.746200
7 1 1,2,55,3,1,-14,9,70,55,1 2673.001937
8 1 1,2,5,3,22,2,2,7,6,5,5,4,34,1,2,-13,4,5,6,7 113445.296946
8 1 1,2,5,3,22,44,9,7,6,5,5,4,34,1,2,3,4,5,6,7 88345.518017
8 1 1,2,5,3,22,44,9,71,6,3,5,4,34,1,-2,3,4,5,6,7 93723.795593
8 1 1,2,5,3,22,44,-9,7,6,-12 164756.937715
8 1 1,2,5,3,22,44,9,7,6,5 41596.650954
8 1 1,2,55,3,1,-14,9,70,55,1 34800.667488
9 1 1,2,5,3,22,2,2,7,6,5,5,4,34,1,2,-13,4,5,6,7 6440.035895
9 1 1,2,5,3,22,44,9,7,6,5,5,4,34,1,2,3,4,5,6,7 6528.710817
9 1 1,2,5,3,22,44,9,71,6,3,5,4,34,1,-2,3,4,5,6,7 6233.080165
9 1 1,2,5,3,22,44,-9,7,6,-12 5532.012630
9 1 1,2,5,3,22,44,9,7,6,5 4767.320546
9 1 1,2,55,3,1,-14,9,70,55,1 4577.221275
9 1 -10,21 2846.284800
9 1 0,-22 5021.082890
9 1 2,31 2649.975151
10 1 1,2,5,3,22,2,2,7,6,5,5,4,34,1,2,-13,4,5,6,7 10443.235813
10 1 1,2,5,3,22,44,9,7,6,5,5,4,34,1,2,3,4,5,6,7 10663.159389
10 1 1,2,5,3,22,44,9,71,6,3,5,4,34,1,-2,3,4,5,6,7 10511.703841
10 1 1,2,5,3,22,44,-9,7,6,-12 7052.138964
10 1 1,2,5,3,22,44,9,7,6,5 6736.467389
10 1 1,2,55,3,1,-14,9,70,55,1 5229.463593
10 1 -10,21 2647.885515
10 1 0,-22 2726.699910
10 1 2,31 2701.097624
11 1 1,2,5,3,22,2,2,7,6,5,5,4,34,1,2,-13,4,5,6,7 12652.695342
11 1 1,2,5,3,22,44,9,7,6,5,5,4,34,1,2,3,4,5,6,7 13180.429584
11 1 1,2,5,3,22,44,9,71,6,3,5,4,34,1,-2,3,4,5,6,7 13735.288705
11 1 1,2,5,3,22,44,-9,7,6,-12 4725.129758
11 1 1,2,5,3,22,44,9,7,6,5 5339.939305
11 1 1,2,55,3,1,-14,9,70,55,1 8921.731093
11 1 -10,21 3237.136186
11 1 0,-22 2993.843164
11 1 2,31 3180.542728
12 1 1,2,5,3,22,2,2,7,6,5,5,4,34,1,2,-13,4,5,6,7 8379.401598
12 1 1,2,5,3,22,44,9,7,6,5,5,4,34,1,2,3,4,5,6,7 8789.779455
12 1 1,2,5,3,22,44,9,71,6,3,5,4,34,1,-2,3,4,5,6,7 8078.712513
12 1 1,2,5,3,22,44,-9,7,6,-12 5787.709946
12 1 1,2,5,3,22,44,9,7,6,5 5676.913834
12 1 1,2,55,3,1,-14,9,70,55,1 3770.029758
12 1 -10,21 3231.614562
12 1 0,-22 4106.226492
12 1 2,31 3259.645676
