1 1 0000000000000000000000000000000000000000000000000000000000000000000000000000000000000000000000000000 0
1 1 1110000011010011110011110110011001011111101011010111000000010010111001011110101110111110100110000100 55
1 1 1110101100111110010001001010000100111011010100011000110110101010000000001000011111011101100011100110 48
1 1 0100011111111001011110101101010000111111011010001100011111101110110011110001000000010101011111111010 58
1 1 1000000100111000110011110011101110000011001010001110100011111011111111110101000011100101001010000100 50
1 1 1011011001011001010000010001011110001101010100011100011100101100111101110010110110111100000000010101 49
1 2 0000000000000000000000000000000000000000000000000000000000000000000000000000000000000000000000000000 -223.2507593
1 2 1011011100011011011111000101111000110011101111001011000010010010000111001001010000110110001110100111 -223.2507593
1 2 1111101111010101001001101011110010011110111110010111110110001001011011101100011011100110100110110010 -219.5646912
1 2 0001101011100100111111001110011101010110100100000111101011100001110010110010100000000111111110011110 -228.7798616
1 2 1110010011101100100000000011011001011111110010001000001100010111010000110010101001111011101110110011 -226.9368275
1 2 0001010100011010110000010101010000001010110100100111101111000010011010110101111100110000111001010110 -225.0937934
1 3 0000000000000000000000000000000000000000000000000000000000000000000000000000000000000000000000000000 1021.331176
1 3 1100010000011100111010010000110100100000000111110110000100101110011101101000000110011010001001001011 1061.921135
1 3 1000111010000010101101110101011111100001100100001000100101010000001001011011101111100000011011001101 1007.80119
1 3 1001011110010101101011111101101100100110101000010101111000110010001110001010011000110101001100011110 1003.291195
1 3 1011110001110000001111111100110101010101001100100111000010101100000110011001011011111000010110010010 1003.291195
1 3 0001011000111010100001110101110101101101110001100111110101001001001101010000101000111110011110101100 1048.391148
1 4 0000000000000000000000000000000000000000000000000000000000000000000000000000000000000000000000000000 -747.2840878
1 4 0110100101000111010011001101011110011000110011100101010110000110101010011101011001000111101101110010 -748.7181528
1 4 1111000001110001011001011101110110100111011000110100101000000011110001110010111101111111100011001001 -748.7181528
1 4 1111101000011111110000111011101000100011001111100011011111010111100010011111110010011010001110000100 -741.5478275
1 4 0010001100000100011011111111001010000110100000011011101001100000111111001101000011111000111100000100 -744.4159576
1 4 1010001110001010100010001100111000010010111011111100111111110011010110001001101011010001111100011100 -749.4351854
1 5 0000000000000000000000000000000000000000000000000000000000000000000000000000000000000000000000000000 -596.6139782
1 5 1110100000010011001100101111101100101010101110010001100011100110011111011100010011110001010111011100 -597.6437088
1 5 0011111001001011101101011001001100111010100000100101110100010010101011001111010001101010011100000111 -608.970746
1 5 0100011110001110001101110010110000100010010000100010010000011101000001101010101111110101111110010111 -613.0896686
1 5 0100101101100111111010000001111101001111101110101110100000110100011001101011100101101111001110010001 -603.8220927
1 5 1000011001010111001001000110011000111101010010011100011111100110000110110011111111111010111001100100 -606.9112847
2 1 0000000000000000000000000000000000000000000000000000000000000000000000000000000000000000000000000000 0
2 1 0100000000111111011110010101001011001100011110110111101100111010100111101111111010111100010000110000 0
2 1 0101111100101111111000011100100101111101111111001111101000001101010010101011000000101000101011000111 0
2 1 0110111101001110010111100100101111011010110000110000100011011001111001011011111100000010011111000010 0
2 1 0010100000111001011011001001101101110101000001110110101110010110101000110101001100110101110000101111 0
2 1 0000101001100010110010011111010011111101011010101111010110011011100010010111010010011100110000011001 0
2 2 0000000000000000000000000000000000000000000000000000000000000000000000000000000000000000000000000000 -315.4024637
2 2 1101111101001101001000010001100110001100000110101000101100010001100011110011011101001010110110110101 -311.7163955
2 2 0111010100111110110001100000011111101101000011001101100010000001011111001010001111000101111110110010 -315.4024637
2 2 1100110111100111001001011101010110100111010110110000010010010011011001011101010110101001000100011010 -311.7163955
2 2 1001000111100000001111000100001100010011110000001111000100111100010011100111111000111110100000000000 -313.5594296
2 2 1001000111110100001000001110001000011011001011001000001111110001010001001011011011100100100011011000 -313.5594296
2 3 0000000000000000000000000000000000000000000000000000000000000000000000000000000000000000000000000000 813.8713888
2 3 0001000011111111111110100101001110100011111101011110100000111100010100111000011010110110001110111111 809.3613935
2 3 0011001000011011010010111111011011011101000001100010111111011100110101110111000001000010111011111100 804.8513981
2 3 1010111101100101001110001110100000001010010110010010001011010100011111100110101111111100000111110111 795.8314073
2 3 1011111101111100011100010110000010101011110011100101010000011111001101101100110010010100110000001110 795.8314073
2 3 0100100000110011111100000011101111100110001111011110011011000001000000110110110100110010101010010010 800.3414027
2 4 0000000000000000000000000000000000000000000000000000000000000000000000000000000000000000000000000000 -784.5697793
2 4 1010000100010110000010111111001100111100010100111110010110110011001110000101011010100110010100111111 -783.1357143
2 4 1100100111010101101011101110100110001010000101110010011111000111111000100101100011111110011110110110 -783.8527468
2 4 1011011001100000100011000101000001011100011001010101101110101111100110111000001110010011000010110110 -783.1357143
2 4 1101111100010011010101001011101100001100100111111010101100110011010000110101111111111101011110101110 -783.8527468
2 4 0010100001100010110111010000110011001000010100000011010110101101010110010011011001110111111011100010 -784.5697793
2 5 0000000000000000000000000000000000000000000000000000000000000000000000000000000000000000000000000000 -654.2788947
2 5 0011111000100110000000011101011111111111001110011011110100100010111000000000010000011011100010100010 -654.2788947
2 5 0111100001010010001000111111111110100110111110100110111010010011011101001011110110111011000110000011 -654.2788947
2 5 0100100100101000000011001000010110100011110000100111000000010101001010100110010110101101110100011011 -654.2788947
2 5 1011100001011111001000101111011110100100101100001111100001111001101110011111111011101001111000011011 -652.2194334
2 5 0000001101000111111000110011110011101101101100010101110011100000000010101100101000010011010111110111 -654.2788947
3 1 0000000000000000000000000000000000000000000000000000000000000000000000000000000000000000000000000000 0
3 1 0011110001110100100010001001111101110001111010101111000110110011101110101000100101111011100110111001 2943
3 1 0011100011010001010010111111011101100100010111010011100100111010110000000110010010010101010000001011 2214
3 1 0111101000101101010100100001011010101011011011100011001000011100101110110001011011110000100010110011 2520
3 1 0011111000011111100101100000110110000011001000010010101000000011001001001000110100111000100011111000 2018
3 1 0111011100011111000000101001110000001001111011100001000111110111111110101101101011111100101111011000 3045
3 2 0000000000000000000000000000000000000000000000000000000000000000000000000000000000000000000000000000 4279.281516
3 2 1111010110001110001110110011000111101111110010000011010100111000000011011100001000110000001111011001 4461.74189
3 2 1010001100110000110000101100001111010101111111111111001000111010000001101110000010000111101001111011 3602.888006
3 2 0101011000110100011100001001101010001100001110100001001101111111100110110111100010110001111100010110 3835.110301
3 2 1001010001101011100000010001001000111000100001110000110001100111010000101110101110111100100100101001 2767.993564
3 2 0000000010000000001100011011111111000111001111000111110100100100011101110010110000010111111000111000 4183.443743
3 3 0000000000000000000000000000000000000000000000000000000000000000000000000000000000000000000000000000 11917.48001
3 3 1111000111111011000101011000001001110110011101000011000100011010111101111011110100000001011010100110 11448.44049
3 3 0110010000110010111100110110000101100100001110110000010111011011000110000110011111001001011010011101 10925.28103
3 3 1011100110100111111001100010011010101101111110010100010101111010101111000100100010010101000100011110 13807.16807
3 3 1010111010010100010010100110101111110000010011011011000110110001101011010101110000001110110100100110 12377.49954
3 3 1010001001110101011100110010010000001101110010010110110001100011001001010100110010000000111110001111 13135.17876
3 4 0000000000000000000000000000000000000000000000000000000000000000000000000000000000000000000000000000 1036.692846
3 4 0011011011111100001010111110010010011111110000001011110100000101101100010101101101101110000011111111 949.2148774
3 4 1101000010011000101101101100101000110010101100110011011101110011000010000110110011000101101001101110 947.0637798
3 4 1101101111101001001011111110000101111110010100101110010110001011110001110101100000111011100000000000 1099.074676
3 4 0111000110100111001100101100101100110111000100000011010010111001101111010000111001010111110110111011 1012.31374
3 4 1001100100101001110001110011100111010000001101000011101101010111010000110111001011110000100111100110 1137.794433
3 5 0000000000000000000000000000000000000000000000000000000000000000000000000000000000000000000000000000 2333.999459
3 5 0100111001111110000101010110010011111011101111111011110001101010011000110001100110100001111010111111 1546.25551
3 5 0001001100000010001010011001010111110110010111111100111101000111100111100101110011010010101100001100 2341.207574
3 5 1110110011010100101101101100110000101010101110111111001001001010000010001010111011001100010100110101 1692.477263
3 5 1111111101100011010100110011000011001000000001011010000100110100101011101010000100011100000100011111 2222.788549
3 5 1110011010010010110000011001110100000000010001010100001110011101010110110000010000100000011011111110 2192.92636
4 1 0000000000000000000000000000000000000000000000000000000000000000000000000000000000000000000000000000 0
4 1 0001010000111101010100000100110010011001101010110000110111000000000010001101100000100011000100010110 17
4 1 1001001001101111101111000111111110011111001110101100110010100001111001111010100000010011010001101011 32
4 1 1110100001010001000110100100001111111110101100010001110011010011110100010100010100010111000100010010 21
4 1 1010000101001000000101000010010110100010100101001001010000111000001101101100001100011101001010101111 20
4 1 1101001100100011110000111000001110000010001010111111000001101001111110110101111010010100001101110011 27
4 2 0000000000000000000000000000000000000000000000000000000000000000000000000000000000000000000000000000 -273.0126797
4 2 1101000111011100011101001100000110110001001110000111100010101001110101000000011010011110101101111000 -271.1696456
4 2 0010110101011010111011100010110001111111111110011110000111110001101011010000010111110110010101111011 -254.5823388
4 2 1101010111010101000010010001101110010010100110010110111010010100000111001101101101111111100111111100 -267.4835774
4 2 1011100010000111010010001100111100000111101000111001110011100101101101001001111101110010011001011001 -265.6405433
4 2 0010100011110000100101111111011000111000100110111001110101111011000001100011110110010011001001101011 -273.0126797
4 3 0000000000000000000000000000000000000000000000000000000000000000000000000000000000000000000000000000 913.0912871
4 3 1101111110011010010011010111101001111010001100001000100100111011000111111010000011001110101001111011 881.5213195
4 3 0011100001010000001110000110100101011001000101100011000111001010010000001111010111011111111100110110 913.0912871
4 3 0001001011101010000100000011101100100010011111100111100111001111010110000010000100010000000111110100 944.6612548
4 3 1011001111000100100100000011101100101111111011001000101100111110000001000110111100110001011011101110 908.5812918
4 3 0110010000101101001010110011010111110011100101000010101001011111000111010000000001011101001000010101 908.5812918
4 4 0000000000000000000000000000000000000000000000000000000000000000000000000000000000000000000000000000 -766.6439661
4 4 0110111111110110111000100011010100101110000011100110001111101111100011100100010111001100001001011000 -765.9269335
4 4 0101111110100101010101010101000110101001001110011001000100010000101111101010100111110011010110110010 -763.775836
4 4 1000011101001011111110111010001100100101000001100000010000011111001110111001000100010110001010000101 -764.4928685
4 4 1101010010101000011110110110010010101010010000011110101111100001100010100000011100010010100010101011 -766.6439661
4 4 1101001001000010100010001001001010011110110100011110100100001010100110010000101000001111101101010110 -769.5120962
4 5 0000000000000000000000000000000000000000000000000000000000000000000000000000000000000000000000000000 -628.5356284
4 5 1011110011011110110101101100101100100011101010111110011110010010110010000010001111001110111100100100 -629.5653591
4 5 1011111100110001000010111111100000111111110000001001110100010100011000110010011011111011000101100101 -623.3869751
4 5 1101111000001011100000111111011011011000000010111110110101000011010100110101100110100011001101000111 -632.654551
4 5 0001000110001100010000100010001001101000100111100010011001101110100110011101110000000111001100110001 -628.5356284
4 5 0110011101010101111111000100101111001101111101110101000000101110100001001001011100111011110101101111 -630.5950897
5 1 0000000000000000000000000000000000000000000000000000000000000000000000000000000000000000000000000000 0
5 1 0011101010000111011010110000100110001011000011001111000010111110010000101101101100000000001101100000 39
5 1 0101011011011111011010111011000111110100111101111001000011001011100000110000001100010110101101101001 49
5 1 1001011101001001010010010001011011101000010111111010011111101001101110100000111100010001100110000010 45
5 1 1001101101001101010100011001110000000011011001000101010110111111111000010110010011100011111000001111 46
5 1 0000000100000101100111101111010101011001000000110111111010100100111101110010010001101100011100110100 41
5 2 0000000000000000000000000000000000000000000000000000000000000000000000000000000000000000000000000000 -237.995032
5 2 0110011101001000000100111100100000110110011010011111100111111111100111111010001100010001110101010100 -237.995032
5 2 1101010010001011110110111010101100010101000000010101001101111111010110110111000001000100110111100001 -250.8962706
5 2 0000101011101000111100001011100100100001101010100010100110000001101010010010001011000001000001010010 -226.9368275
5 2 0100011000000101111011100110010110000110101010100010011011110111010111100111011011000110101000010111 -234.3089639
5 2 1010011100101110101101000010110101110011110100101101100111010110000100111111110111011110011000110000 -239.8380661
5 3 0000000000000000000000000000000000000000000000000000000000000000000000000000000000000000000000000000 989.7612086
5 3 0111111010111000010111110101110110101100011101100010110110100001011101100110101000011011100110101010 1030.351167
5 3 0101111111011011101100101111111100000100010110110010111000000010001100010101101011010100000101011111 1016.821181
5 3 0100101010001111110110000011101000000110000000001100001001111001011010110001110111110000000101011110 1016.821181
5 3 1011101001101011101000011011100101010000110111001000011100001101100100001110010001010000000000000010 1012.311185
5 3 1101110100111110010110111100111111011001010101001111100001011101111001010110001110111001111110111100 1007.80119
5 4 0000000000000000000000000000000000000000000000000000000000000000000000000000000000000000000000000000 -752.3033155
5 4 0011110111010001001100111101101001001000110011110000000100011000011111100010001000001010001100100101 -755.1714456
5 4 0011001001011111010110101111100110111001111011010101100001010000001101001111100101111111111111000100 -753.7373805
5 4 1010101101010110011100011111100000100011001111110011010110110000000000000110100001010101101010011101 -752.3033155
5 4 0001101110000010000011000000101101110101100010101100110111001000110011101011100110101111101010111001 -748.7181528
5 4 0100100110110011110111101110110001111100110100010100111010110000110100011100111101001100000011011111 -750.8692504
5 5 0000000000000000000000000000000000000000000000000000000000000000000000000000000000000000000000000000 -602.7923621
5 5 1001101100110000110011101010111101000010011111111110000100100101000001100111101011100010000001110011 -612.059938
5 5 1000000111110010000010011001011001110100001010110111100001001010101000001101001001110100000000100000 -602.7923621
5 5 1111110100111111010010100101111001001110011100110101111011101001011110101101100010111011011100101110 -613.0896686
5 5 1100000010111000100001100101110111010001110011111001111001010101100001100111010010001111100000011010 -598.6734395
5 5 1000001010001001000011011010110010110101000001000000011110010111000001001101000101101101000110101111 -603.8220927
6 1 0000000000000000000000000000000000000000000000000000000000000000000000000000000000000000000000000000 0
6 1 0110001001101000100011000110010100000000100010101100100010001010000101101011101001000110010101011010 11
6 1 0010000101110011110111010111111100111100001000101011001011001111101111010111011001001000110011111110 20
6 1 1001011000100011000011010000011101001110001111111110111000010101010111100010101001111111111111011011 17
6 1 1000100101101101110101101010010101101010101000110111101000101011010111111100001110010110011010111101 20
6 1 1110100010100110000111100011110111110100101010011111001101100101001011011011101001000011110101111010 18
6 2 0000000000000000000000000000000000000000000000000000000000000000000000000000000000000000000000000000 -285.9139183
6 2 1110000110110100101010010110010111111110101000010001101001111001101101101011110000111010111100110010 -282.2278501
6 2 0001100001000011101001010001000100100110011111110011001101100001010111001101100011100101110110001010 -282.2278501
6 2 0011000110101011001100101100101100011111010010001000111101100101111100010100101101100000101000010101 -285.9139183
6 2 0101001000010110111110100101100001010110001010110101001110100000001100101101101101100010011010000111 -284.0708842
6 2 1101110010000010010010101101011010010100100101111100010100001000101011000001111111101010111101100001 -280.384816
6 3 0000000000000000000000000000000000000000000000000000000000000000000000000000000000000000000000000000 872.5013287
6 3 1001110110011111101110000010111001010110100010111110010110000100010101111000101100000011011001100111 867.9913334
6 3 0000000000001111101010100001101100100001011111101100011100011111110010111011011111101101110010010101 849.9513519
6 3 1010111011011110100000110010010010000000101011011110000011111011000111000010000001101110000001101000 886.0313149
6 3 1010101111111000100011010110000010001010110101101110111101110010000111000010001110001101001100100111 872.5013287
6 3 0100101011111111011010001100100010111100001011010100001100001000110000000011011110110100110111010000 890.5413103
6 4 0000000000000000000000000000000000000000000000000000000000000000000000000000000000000000000000000000 -770.9461612
6 4 0010011000101001000111111111110000110010101100011110100001101111100110001100000111101000011000001011 -774.5313239
6 4 0001011001110010111101111011111101010010111011101001011000101110010011111110000100111100110011111000 -770.9461612
6 4 1010100100101000100101011111111011000100001100101010111111100101011110001010100000011100100111111100 -774.5313239
6 4 1011101011100000011101101001001001010000001110100110110101000111001111101110101001111000101111111100 -775.2483564
6 4 0100101000100011101011010010011010010010100111101110111000110010010000001100101101000010101101110100 -775.965389
6 5 0000000000000000000000000000000000000000000000000000000000000000000000000000000000000000000000000000 -633.6842817
6 5 0010010001000011000100100010110111010000101001111101101001100000111101010001010111110100111010100100 -632.654551
6 5 1101000010010111000001010101000100101001010101000001111100100010111100111100011001010100000000111001 -633.6842817
6 5 1111000010111001010111111010000010011111001010001011010100110100011001110100000001111001010000110001 -637.8032043
6 5 0110001100010011110100010001011100001100101111011100100000110010011011110010011011100010010111110110 -639.8626656
6 5 1010100100001101011110100011001101110100111010000110011110011010011010111100010110100010001100111101 -637.8032043
7 1 0000000000000000000000000000000000000000000000000000000000000000000000000000000000000000000000000000 0
7 1 1101101101100010011011101010100100010011100101010101110010011001111010011001100111100110011001111001 41
7 1 0100011110001001100111001100011111111100111000111010110011100101100010110000100001010010111000001100 45
7 1 0010000001110011010100010000011110011110100101101110101010111001101101001101011011100110011110011010 40
7 1 0011000100001110011110111110010101011110000111110011111111101100000110110111110000101100010001101001 49
7 1 1111111001010100010101101000101110111100101111000111001010110110011110010100100101010001000011000011 48
7 2 0000000000000000000000000000000000000000000000000000000000000000000000000000000000000000000000000000 -215.878623
7 2 1101111011010000011011011000101100011101010100100111101001011101001000000111011010011000000000100010 -228.7798616
7 2 1100011000101100011000011010001010010101010010001101001000111110011000110111101011110100101101001001 -217.7216571
7 2 0001101001010001110010011110101110100111100010010101101101100011001110110000110001100000111000110000 -243.5241343
7 2 1011110011000011010000001101101011000011100010000111111011010000010100111110010110010011111100011100 -230.6228957
7 2 0100101111001101011011111101000111011100100001111111001011001010101010111000011000100011111011001000 -232.4659298
7 3 0000000000000000000000000000000000000000000000000000000000000000000000000000000000000000000000000000 1003.291195
7 3 1000110001100101100101010111011001110110100000101100011011001001111001111101111011011110100010101110 1003.291195
7 3 1100100001010111111110100111011011110101100010110011110011010011111110000010011100011011100010001111 1012.311185
7 3 1001010101001101111000101000101010011111111010010100001100111001011010001001100110100000001001000000 1021.331176
7 3 1111111110111000100000010110000000111110111010100101111001001010010100101001000101010001111101110011 985.2512132
7 3 1001011110001111100110111011111001001101101011101100001011101101111101011101001000111100010101110100 1007.80119
7 4 0000000000000000000000000000000000000000000000000000000000000000000000000000000000000000000000000000 -747.2840878
7 4 1111101110011101100000100101111111011111000100100011011100110010110110100010100000100001011010100010 -748.0011203
7 4 1011110110001110001010111110110100101011101010000111010000111001011101001000100001111111010100101110 -749.4351854
7 4 1000010001110111000100000101101110000010001101101010110110111011011100000001010011010011011010001001 -748.7181528
7 4 0111001110110011010000110000000111100010001111000100100100001110100100111010110111100110010101101100 -748.7181528
7 4 0100010010001001110011011101101010100011010110011100100010110000100000000111110001011100011110111110 -754.4544131
7 5 0000000000000000000000000000000000000000000000000000000000000000000000000000000000000000000000000000 -606.9112847
7 5 1101110111001010110110011001010110110110010011011001010000111100111111110011000011011001000100000001 -601.7626314
7 5 1100000001000101111010001100000101001111001111011110000011010001010100110110000100010101001100001101 -605.8815541
7 5 0010100010111110011111001100100000001111010111110010000011001111001101001111100000111101010100101010 -597.6437088
7 5 0111001101101110111111010100000000001011011001101111111010110011110110001100101110010110100101110101 -611.0302073
7 5 0110011001110110100011010000010001011101011000001011110111100001111011011110010111100111011111100000 -599.7031701
8 1 0000000000000000000000000000000000000000000000000000000000000000000000000000000000000000000000000000 1
8 1 1011111110101010111010100011011011000000001110101100011100101100100000101111011100000001001011100000 25
8 1 0101100001100101000111000011110011111110010110001000110100101101010010001010000101101010101000010010 23
8 1 0111010001000000111001110111010100000111000011101111011010111010110100011011010110001100001111111100 27
8 1 1111100011111101001111110100011101001001111011001110101101010111101011110110001111001010100111010000 31
8 1 0110000110001011001000001010011111000001010001100100000110110000001000111010111010000111001101001101 22
8 2 0000000000000000000000000000000000000000000000000000000000000000000000000000000000000000000000000000 -267.4835774
8 2 0001010000100101101111001010011111111000110101010101101111011001011111010001110010001111001011111111 -273.0126797
8 2 0100101000111111111001011111000001001100110101101001000101101011011111100000100111101110001000101100 -271.1696456
8 2 0111110110111010101010110110101010001100100011000000101011010110001000011111101001101001000010100101 -267.4835774
8 2 1011101101100111101001110101110100000110001001101101001101010100000011101100101110010000001011000101 -273.0126797
8 2 0000001000010001110100010000001010100010101011010000000011111010111011001100010111111001000111100010 -263.7975093
8 3 0000000000000000000000000000000000000000000000000000000000000000000000000000000000000000000000000000 913.0912871
8 3 0101011000101000111111110000110110101010100100010100100001010000010001101110101011110000001100101011 908.5812918
8 3 1110000011010110110011010100001111101111111010000010001111011010100101110001101010000100001110110100 904.0712964
8 3 0110110010010101100001011111101110011101000001011000100011101111011001011000001000001010101000010111 940.1512594
8 3 0110000110000001001011111101010101001101010000111001000101101101101100110000001011110001010111001010 899.561301
8 3 0101011110111110000111110110000010110100111101100001001010000100101001101010000011110010110111011010 908.5812918
8 4 0000000000000000000000000000000000000000000000000000000000000000000000000000000000000000000000000000 -765.209901
8 4 0011011101001100100001100111011111000011010100010101010010000110101010001011000001010010100000101100 -767.3609986
8 4 0101111000011000111100110111011101111110101000100000110011011100001001110110101101010110111100000111 -766.6439661
8 4 1000011011001010111111101111110100100000110011000011011101011101100111011000000010100101000111000100 -765.9269335
8 4 0101100111100011100111000101001110011001101110001101100100101010010011100001101011011010010000011101 -767.3609986
8 4 0001101101001110001000010000111000000010010001110101111100011110011010011110010100010111110001111010 -765.9269335
8 5 0000000000000000000000000000000000000000000000000000000000000000000000000000000000000000000000000000 -624.4167058
8 5 1010100010100110111101111010100100011101010111000001000000011000000111010010100100100101000010011111 -627.5058978
8 5 1111101010010011100010110000110110111010111011101100100111001010111011111001100110111100001110111001 -627.5058978
8 5 1011111101101101110001101001011001100001100011010100101000101111011101010001101111111011100011000100 -624.4167058
8 5 1110000010100111010110001111111010110011011111001000101001101111011011001011010100101111111010101000 -626.4761671
8 5 1010110000010101100100110111100010100000011000111101100110000010100101010000000010010110000011101110 -623.3869751
9 1 0000000000000000000000000000000000000000000000000000000000000000000000000000000000000000000000000000 1
9 1 0110010110111110001100111110110111010001001011010011111100000000101000111010100000010001111110100111 53
9 1 1100000110000101101000010110100100000111100011000001000001110001100100100100010101100111111111000100 43
9 1 1100011010000100111001111010100110100110011110011110000011000001101000010101001111101000100101000111 49
9 1 1010011110011011010100001101011010011011100001110000101010000000110010101111111101010011001111001000 51
9 1 0100110010000111000100101111110100010111101010110000100110111000000011100000110111010101011011010100 49
9 2 0000000000000000000000000000000000000000000000000000000000000000000000000000000000000000000000000000 -221.4077252
9 2 1100000011011011101110001101001101111111010101010100011001100100001101111110100111110100111010001010 -212.1925548
9 2 0001011100000111011111001001111111010101100110111101101000100101100000100010011010101010110100101010 -237.995032
9 2 1100010101000001110110010011110110111111100101011011001001100101100101100001011000011111011010010000 -223.2507593
9 2 0101110011101011000111000000001001110000010111111101110011010110111110000010101110001000001100000100 -241.6811002
9 2 0111110011110010110101100000101001001111111011011110000111011101110010110100001001100000001000111000 -223.2507593
9 3 0000000000000000000000000000000000000000000000000000000000000000000000000000000000000000000000000000 1025.841172
9 3 0111001100101001011000110010000000010110110111110000010000111011110010111010010100110100011011110001 971.7212271
9 3 0101001110100110100100110111010111111011110010101100110111101011001110101110010110111111110011100110 1016.821181
9 3 1110101110100000101101000000111101100100011011101111001101000111010100010101101000000001101010001111 1021.331176
9 3 1100110111101101010011001101010011100101000000010011010010111010100110110001000101111100001000101010 1007.80119
9 3 0111001111101100110100011101011001010110000111111010001011110111100011100111010011011110010011100010 1003.291195
9 4 0000000000000000000000000000000000000000000000000000000000000000000000000000000000000000000000000000 -746.5670552
9 4 0111010111111100011100110000100100111100101000111010100110101011111010000100111100011111010110110101 -746.5670552
9 4 0001111100011011000101110110101010111010011110001011001111000000001111001100100101011010001001111111 -751.5862829
9 4 0011110000001001010000111000111010011111110110110101010011101111100110100011110100101011101111010111 -751.5862829
9 4 1100000101000111110000111010110011111100011010100000010111101001110011000100111111011010100101110101 -748.7181528
9 4 0001010101011000010011111101001000001111110001110100000111000000101011010010111110111111110011110000 -747.2840878
9 5 0000000000000000000000000000000000000000000000000000000000000000000000000000000000000000000000000000 -595.5842475
9 5 1111101001000011000111001011110001100011101010110101111111001110110110100100001100100111111001101100 -601.7626314
9 5 0000101100010010011111001101110011110010001011111101011011000011001111110010001011010010100001000010 -613.0896686
9 5 0011001000100010011011000111101010100000000101010010010000110100011100101011111010110110000111011001 -604.8518234
9 5 1110001000011000101100011010000110010001010000101011110011010001100110011101101001111010010011010110 -611.0302073
9 5 1011001111011011001100111011111110010110011011010000101001101011110000000110010000111110111000000011 -600.7329008
10 1 0000000000000000000000000000000000000000000000000000000000000000000000000000000000000000000000000000 4
10 1 1110110100001110100111001110011101111011110011011100110111011111111111010001101100100100011100000100 55
10 1 0010100000010101111011111001100111100010110000010101111001001010100001100100000010110110111110111101 54
10 1 1011001011011101101001100000001011110111110100001111100011101100010011010110001111110001110000100001 52
10 1 0010111111101101001100010010011001011110110100000110101001110000001100111011100011110101100111010101 51
10 1 1000100101111010000101010011101111110011011010100010010110111100000011001110010101110110100101110011 51
10 2 0000000000000000000000000000000000000000000000000000000000000000000000000000000000000000000000000000 -215.878623
10 2 1111010110110001010111110000010110111101111010010011001101011100111000000010001110100101101101110101 -250.8962706
10 2 0101101001010101110110000000000100001100101010111111100000001110011000011001111001101111010000011010 -223.2507593
10 2 0100111001101110101000011001010111100001001100101101011110101101110101101011000100100011011011111111 -226.9368275
10 2 1101001100001111001000111110010001110110010101000000100000110000000100110100110001110101100000110110 -239.8380661
10 2 1011000111011010010100000000010000110000110101001000001110111111100011010010011110100101110001011110 -225.0937934
10 3 0000000000000000000000000000000000000000000000000000000000000000000000000000000000000000000000000000 1039.371158
10 3 1100110100000001010110010100110101010001001111110001000100111001010110011001100101000001001000100010 976.2312224
10 3 1100011001010011001101001101110111001100011110110100110001001010011010110011110011110000101010000011 1061.921135
10 3 0110000001010101100001110111011000100101011001111101100101000011100110001001111100011110000100011111 1048.391148
10 3 0100010111110010100111011111001100011100001111111001000100111111111010100101100110000111011011011001 1052.901144
10 3 1110100011111000001001110100000011000011100110100011101000010000110111111100000110110111001010111010 980.7412178
10 4 0000000000000000000000000000000000000000000000000000000000000000000000000000000000000000000000000000 -747.2840878
10 4 1100010000011110000111000001101100111010001000011011101000101001001011001000111110101011111001001100 -752.3033155
10 4 1000111000001101110011001000001011111100100011010110010010110111110110101010010111000000110011100101 -751.5862829
10 4 1101001101011110111101110010010111100000001101101010010111110011111000010000110110111001010000010001 -747.2840878
10 4 0001110101010111010100001101000100010001101110100011001001110000011011111101110100001110001100110010 -735.8115673
10 4 1001101010101010000011011011001001001111000110000101110011000101000010101111000000011111101100110001 -742.2648601
10 5 0000000000000000000000000000000000000000000000000000000000000000000000000000000000000000000000000000 -594.5545169
10 5 1101111010011001010010011000010000001001010011011010011001101101011011110101000111010000110110000101 -598.6734395
10 5 1010000101100110110010110000111101100110111110101001101010111010110111000111001011001100101110011110 -588.376133
10 5 1110011101010111010111011111011101010011011010101110010101100001001000001111101011011101010000101101 -612.059938
10 5 1001000110000110101110110000100011100110101011000010100010011101010001010111011011010010010010001101 -600.7329008
10 5 1100101100000111111010101101110011010011010111110011101011010111000011111101010110110000111111101100 -602.7923621
11 1 0000000000000000000000000000000000000000000000000000000000000000000000000000000000000000000000000000 0
11 1 1011001010000000010110010000010001101001010101110100010111001110011001001000111111111111001101100100 1
11 1 0000111010000011011101011110001100011100010000101011100111000000011111001000000101010111000000111001 0
11 1 1100011000001001111101001111110111000100010000101000110100111010110010110101011110101101110001010101 2
11 1 0000101100101110100010101010000101010111110001110010010010111000000010111110000010100100010111101101 0
11 1 1000000110011010011110011110101000000110101010001110110000010110101010010011110101101001110100011111 1
11 2 0000000000000000000000000000000000000000000000000000000000000000000000000000000000000000000000000000 -315.4024637
11 2 0011111100110111000111100111010010010110010011010010001000010111101100100110111001010100001000111111 -315.4024637
11 2 0010111100000100011100010011010001101111111001111010011100001001011010100001100100001000111101011111 -315.4024637
11 2 1011001001011001001100110011110111001001100010011000000010000111101100010111100111100010010001011100 -313.5594296
11 2 1111000111001111001101110011111010010101001110101011111011100110100100100110000011100011010111000110 -309.8733614
11 2 0100101100100101111100010110011001000011111111001111001011011000110111011100010011001010101101101111 -315.4024637
11 3 0000000000000000000000000000000000000000000000000000000000000000000000000000000000000000000000000000 809.3613935
11 3 0010010111011101101000001110100110111101000001001110000001011010111010100100110000111111101001001111 804.8513981
11 3 1010111000110101011011100011010110100111101000000001010001110111010110101001001110101100010011111001 795.8314073
11 3 0100111111111011101101111000101101111001101100101100001001011000100100001110000100001100010110101000 800.3414027
11 3 0000010001100110110000110011101110101110111110010111101001011010000001000100111100101010110100110010 809.3613935
11 3 1001001011001111010111111111011011100001000111011111011011100001000000100000101110010001101000110000 795.8314073
11 4 0000000000000000000000000000000000000000000000000000000000000000000000000000000000000000000000000000 -784.5697793
11 4 1010111110100001000001010111111100010111011000000101010101110110100001100001011110111001101000010001 -783.1357143
11 4 0001111010000100110110010011001010101110101101010110010000011011110111000001100011111101010110001010 -784.5697793
11 4 1100011010000110010111111101010001011011001010000100111010110101100111110110011000101001010100101010 -783.8527468
11 4 1100101111010000000110100110011000101010010010001011100101010111010000011011110010101110011101110110 -783.8527468
11 4 0100110010100011101010110111100101001110010010011111010111110010110111100101011101100110001000001110 -784.5697793
11 5 0000000000000000000000000000000000000000000000000000000000000000000000000000000000000000000000000000 -654.2788947
11 5 0110011000101011111111010000111100100010011001111100000001001011100110100101110000101101011001100110 -654.2788947
11 5 1010101001111000110110101010100110100010000100000011111101001000001100000000110001001011111011010011 -652.2194334
11 5 1011000000000000111100010001111001100001001110000111000000010010000111111111001001010011100001001111 -652.2194334
11 5 0101011111000100011011101010011000010001001101101010101110100000000010100010111111111010010000110110 -654.2788947
11 5 0011100011010101110011101110110110110110111011011110111010010000011001110110110001100010001001110001 -654.2788947
12 1 0000000000000000000000000000000000000000000000000000000000000000000000000000000000000000000000000000 0
12 1 1101101110111110101101010010010101011011011100111010001011101110100011110000001000111100001100100101 2
12 1 1000000001000000010101010100010101010111101100011010010010100001101001001110001110000001011101011101 1
12 1 1000101000101000001000111100001011110001111000111101000111011111101010011010010101001011011010011100 1
12 1 0110011111010111110101110001011101111110011000011110010001111110000101100110100010111011000110010100 0
12 1 1111111100001000100110011111100010000000101100010101111010010011001010100101110010010001111100110001 8
12 2 0000000000000000000000000000000000000000000000000000000000000000000000000000000000000000000000000000 -315.4024637
12 2 0010011110001000100010000100000101100111101000010100001000011110011000001011111100010010101000000011 -315.4024637
12 2 1111000111011111111011111001001010001000001001011111010011110001010100011001100100111111010001010001 -309.8733614
12 2 1110110111011000011101100000110101011000101001010010001001101001101010110011100000001010000110111111 -306.1872933
12 2 0100101100001011001111111100010010010111101101011011000011111101100000100000010101011000001111111000 -315.4024637
12 2 0001000011011000011001000000100011101100101001110110001101011110010011010111100110001111010011110101 -315.4024637
12 3 0000000000000000000000000000000000000000000000000000000000000000000000000000000000000000000000000000 813.8713888
12 3 1100100010001010000100000011100010010101110100001110111110011000011010111111111111000101011111000111 795.8314073
12 3 1011000110010110000110011101100110000010010101011111011100100010101101101101011011100111100111111000 795.8314073
12 3 0111001101010111011111001010001111111000011010011100110100101101000010001111100010100001111100100011 800.3414027
12 3 0100111110110100111011010101010001101010000000001101000101110001101011101011000011110001010100111111 800.3414027
12 3 1101101111011110100010000001101010101101010100100100001010000010011111001100110010111110001101000101 795.8314073
12 4 0000000000000000000000000000000000000000000000000000000000000000000000000000000000000000000000000000 -784.5697793
12 4 0100111110000100111010100100010110010011000001010110101100110101110001010111001001010011000010111110 -784.5697793
12 4 1110111110111000001011000100010111101111110100100111011100001110110100111010101011001101010011011100 -783.8527468
12 4 1001100011010001001110000100011100011100111110101011011010110011000011100110011000110010101011000011 -782.4186817
12 4 0011101100001000010000100000001000011000110010010110011101010111001110111000100101100111010010000111 -784.5697793
12 4 0011000000100111111101110101111000000110100000101101101111011000000010010100111011100011101000100111 -784.5697793
12 5 0000000000000000000000000000000000000000000000000000000000000000000000000000000000000000000000000000 -654.2788947
12 5 1100011010101100010000001001011001100011010101010110001011111100110101001100000001000001010111010001 -653.2491641
12 5 0000111010001011001100000111100110000000111010111111000110000000011011111000111011110101100001100111 -654.2788947
12 5 0101001011010100010110111110100000011011110111011111011111001110111000110000010010101100111010011111 -654.2788947
12 5 0111110100101111010000110011001110011111100101111001111110100111011011111101100101101001011000010000 -654.2788947
12 5 0001011111111011100001011111111111111011110010001000100001101101010000010000101011100110000001111011 -654.2788947
13 1 0000000000000000000000000000000000000000000000000000000000000000000000000000000000000000000000000000 0
13 1 0010010001111101111110101101001001110000111001101000101101110010011000011111101011111000101010110101 0
13 1 0011011001011100010011011010010011011011010110111110100111101100111101001000110110010111011110110011 0
13 1 1011100010000110000011101011001001101011000001010000111101111111101110010001011100111010100001011111 2
13 1 1110100011001000011101100000101011001100011100101001100001110111101110011111100010000001010110101010 1
13 1 1100110011010111000001001011011000011011111000111100001100011011110101011111110100011101111000001011 2
13 2 0000000000000000000000000000000000000000000000000000000000000000000000000000000000000000000000000000 -315.4024637
13 2 1110011100101101110111101111000111011101111110101101111001010011011101001110001100100001010111010010 -313.5594296
13 2 1010100101111011101010110101110001001011010110100010110010001000001111010101111100011011000111001100 -308.0303273
13 2 0110100111110000110100011011001001110110100101011100101100110111011010011100010000110001011110100101 -311.7163955
13 2 1100101000010011001000011001100100101001001111011100000100000010111001011110101101110000110001011000 -306.1872933
13 2 1111000011110000100111101101100010010001001000011111110101111111001111110111011110101101100001101101 -313.5594296
13 3 0000000000000000000000000000000000000000000000000000000000000000000000000000000000000000000000000000 809.3613935
13 3 0000001110110100010011010101100111111101001110101001000011000110000001001101111000101001001100111000 804.8513981
13 3 1101000101000010101111110011111000111100110110110110100111011100111010101100110000110010100000100100 795.8314073
13 3 0000100110110100001000001100010110000001100000011010111110011110100110111101100101110100100111101000 804.8513981
13 3 1011001001001000111001011000001111111110100111010111110010101101001101010001111010100001110101000001 795.8314073
13 3 1010100111011001110111010111001110100101110110110000101010001100100001110110111000001101010001110111 795.8314073
13 4 0000000000000000000000000000000000000000000000000000000000000000000000000000000000000000000000000000 -783.1357143
13 4 0110101110010000100011001101110111101110100011011000011110001001101110010011000111101101001011000001 -784.5697793
13 4 0111001100010010001101010010001100001010000100010011010100101011100101111100111010010111001100110101 -784.5697793
13 4 0010110001001100101111100011010110000010011100010001000100100011000111010010010100001100000111001010 -784.5697793
13 4 0000110101101010110101110110111100111101001010111111011011011100010111001111110001110110101000010110 -782.4186817
13 4 0011010101100001011111010110010101111001011100110011011110010001010111111101111101110011000101100011 -784.5697793
13 5 0000000000000000000000000000000000000000000000000000000000000000000000000000000000000000000000000000 -652.2194334
13 5 0111101100110100101011000011100111011101111100111110110011001111100001010000011111111110101110000001 -654.2788947
13 5 0110100000100011011110011111011110010011110010011101001010000100001111100100000000001101000100011100 -654.2788947
13 5 0111011000100000001010100001111010001001000001111101111001110001000111011000000001011010000010110100 -654.2788947
13 5 1100011010110001010001011111110010010010100101111101101100010111100011011111101110100100111000011000 -653.2491641
13 5 0101000111110001100110000011110110011011011100100000100100001101100110011100101011000100101111001000 -654.2788947
14 1 0000000000000000000000000000000000000000000000000000000000000000000000000000000000000000000000000000 0
14 1 0111000011101111111000011110100001111100110101010001010111011101010011110011111111010101110111000111 0
14 1 0011101011100000101010011011110110100001001001111110011101101100101000011011100010110000000111111000 0
14 1 0111011010011101101001000110000000110111010110000011010101001101100001001000100111110001010001110111 0
14 1 1110110000001101011110100001000111110110110111111010101101001011101100111001100101100010001101101110 0
14 1 0001001101010100100001110011010011010101000000110000011101110101100011011100000110101101111010000001 2
14 2 0000000000000000000000000000000000000000000000000000000000000000000000000000000000000000000000000000 -311.7163955
14 2 0110010011000100000000100111001000110000111100110011100010101110101101001000101010000100101011101000 -315.4024637
14 2 0001000011001101111011000010010100011010011111100010000001110001001110010100011010000001100001111101 -315.4024637
14 2 1110011100001000100001001101001110100100110110101010110110000100001011111100000100111011111001101100 -309.8733614
14 2 1000100010111000111111010011100111000101110001111100101111101101001100101100000101000100010001000010 -315.4024637
14 2 1010111110010010100101000101101100000101111001110000011000101100000111101100001001100110100001010110 -313.5594296
14 3 0000000000000000000000000000000000000000000000000000000000000000000000000000000000000000000000000000 809.3613935
14 3 1010001110011110001001111101101111100001100101101100100101000110001001001011000101110010011100010011 800.3414027
14 3 1000101110111001111100101110011111010101111110011111001011011000001100010010100001000011010100101110 795.8314073
14 3 0111111111000001001001101101000001100111101101011100001111100111110010010010110101100100110110010101 813.8713888
14 3 1101100010101001111011001111010001111000011100111100000101100110001010100001000001101000000110100111 800.3414027
14 3 0101111111111011101111011111100011000011011101111011010100101010101101000001100010001111000110101100 795.8314073
14 4 0000000000000000000000000000000000000000000000000000000000000000000000000000000000000000000000000000 -784.5697793
14 4 1011011011000001101011110010000111001111001101100100011101111000010110011101010001000011010110010001 -783.8527468
14 4 0011000101111111111101101100110000101011111011010000100001111001100110100011110111010011100111000110 -784.5697793
14 4 0010001101010011111000010000000110100001000010100101010010100101110001001111101000100001100001110100 -783.8527468
14 4 0101010111111000010111110000011100000010010011010100010100110110011000111111111101000000100000111110 -783.8527468
14 4 0111100000101001110011000000111000010101111110000110000011011010100101000010111011100000010010000101 -784.5697793
14 5 0000000000000000000000000000000000000000000000000000000000000000000000000000000000000000000000000000 -654.2788947
14 5 1000101011100000110111111010111110011110011001101100110010101100110110011010111110011000000001010011 -651.1897028
14 5 1101010111101110010000010011101101111101100001101110011001100110001100000001011010001010011110001010 -654.2788947
14 5 1010000010011111100011011100010100110011000100101100000011101001101111111110110001011011011101001010 -654.2788947
14 5 0100100001000010100010011011111111100011001011110100101000010101001100100110101011100111100000101010 -654.2788947
14 5 1011101010011011010101010100101000110100110110000111011010001100011101010001100000100001001000100000 -653.2491641
15 1 0000000000000000000000000000000000000000000000000000000000000000000000000000000000000000000000000000 1
15 1 1000010100011010010010011011000111101010000111100101101100010010001101011001100010010000110111100100 1
15 1 1000101010100110001001100100010011010001111011011010000100110111100110001101110111010011100011000100 1
15 1 1101110000100011100001110101001110110001011000100101011100010011000100001100110111000001010001001011 2
15 1 1010101110000100000101010110110001000001100110110100010001111011110010111110011110111100001000110101 1
15 1 0111101010111011101001011111000111111101010000000011001100001111000100011101010000101111010010010110 1
15 2 0000000000000000000000000000000000000000000000000000000000000000000000000000000000000000000000000000 -313.5594296
15 2 1100000111010001000110010110001111100001101010010100100000100001011111000001110111011000111000000111 -311.7163955
15 2 1001001110101100011101100010100001000110110011100000000011011110011001100110101110110101001000111000 -313.5594296
15 2 1100110110110000111111000100000000100110111111111110001010001010011100000111101110100011111110011011 -311.7163955
15 2 0010101100000111001110001001011000100011010000100011001111101001010100111010101100101011000110111011 -313.5594296
15 2 1111100111101111101001001010111001001100100011101010110100100010110000000000100010110110110000111111 -311.7163955
15 3 0000000000000000000000000000000000000000000000000000000000000000000000000000000000000000000000000000 809.3613935
15 3 1011010100000101001111111111111001010100010101111000101011101100101011110010100100001110011000011000 800.3414027
15 3 0000100010101111010111001100011100110010010011111011000000100110110001001000111100001100000101111000 813.8713888
15 3 1111110100001000001001010101001101000111010100011001110101000001101101000000010011100100111110110100 800.3414027
15 3 1001100110110110011011011111111101001000100101011101010111111000110101101001001111111111011111000000 800.3414027
15 3 0100010001111111100111100100001011100101010110101100110010000000100011001111111011011001111110101111 800.3414027
15 4 0000000000000000000000000000000000000000000000000000000000000000000000000000000000000000000000000000 -783.8527468
15 4 0100100100111100000001101010100000011101110000011011000011011000000010000111000010011101111000010000 -783.8527468
15 4 0101001001000101001101011001110110111100101110010000010110001100010001101000111011101010011010101110 -783.8527468
15 4 0101011011011000011101111100110100000001111101111100010010000001100010100010110101001011110011011100 -783.8527468
15 4 0010000111111111010010110100101111010011011011001101011000101000101011111100000101111001011001110110 -783.8527468
15 4 0001010101001011110001110110011111000100011111101011001111111011101000111101100101010001111111100001 -783.8527468
15 5 0000000000000000000000000000000000000000000000000000000000000000000000000000000000000000000000000000 -653.2491641
15 5 0111100010011101101101101011101010001000010001011010010101000010010000011011001110111100000111011110 -653.2491641
15 5 1000000101101111100111001100100110110000011100011011000110101011001001101101100001000010111001110100 -651.1897028
15 5 1001100101100111001010010100111000101101110110110011110111111000100010011000101101100111100110010110 -652.2194334
15 5 1101011001000011101010100100111111110011000010101000001111011001111101101011001011010001010010100010 -653.2491641
15 5 1100100010100100000000111100011001100110010010101011001000011000000110110100100110010100001101001101 -653.2491641
16 1 0000000000000000000000000000000000000000000000000000000000000000000000000000000000000000000000000000 1
16 1 1100001110100010101100010111101110011010100011011101100100001000010011101010010101110110011010100110 3
16 1 1101111110000100000111111001010101010111011111000101000000001000010011001011101111110101100010000100 3
16 1 0101011001001110100101101010101001101111110000111100100101011101111100000001101110101100000101110001 1
16 1 0001011000000101010011111011101000010010100010100011101101101100000010000110001011100101001000111011 1
16 1 1111011000000000000101101101111001001001010001110001101100111000001110000000001011011000101001000100 5
16 2 0000000000000000000000000000000000000000000000000000000000000000000000000000000000000000000000000000 -313.5594296
16 2 0000000010101100011110000010011010011001101011111101010110101111111011101111101010011010000001000101 -313.5594296
16 2 0001001100111100001010001001100000111001111010100111000001111110111101000010110000001010010110111010 -313.5594296
16 2 0100011110100001000011110001010011001011001001100100101011011111001100101101101000111011011011101111 -313.5594296
16 2 1101111111101011011110110101111110010110000110000011101100101010011001110110011011110010011110111110 -309.8733614
16 2 1000001010111001110110110111000001111001110011001010101100110111001110101000000100111110011101111101 -315.4024637
16 3 0000000000000000000000000000000000000000000000000000000000000000000000000000000000000000000000000000 818.3813842
16 3 1000001110001101011001000010000111000000011111100001000100101001000100101111101001000011010110100111 800.3414027
16 3 0000011000001001101010101101010101100101001111100101110111011001110000000010100011001101101110111000 818.3813842
16 3 1100011100000010110001100010111101110000101110011110100101010011000010000000011101001111100011010001 800.3414027
16 3 1101110100010010100110010111110100110101100101001101000101010000100000111111010111010001001001100111 800.3414027
16 3 0001110101100011000010100111001111011001111011001111110011001111001110110011001110000010000111011000 804.8513981
16 4 0000000000000000000000000000000000000000000000000000000000000000000000000000000000000000000000000000 -783.8527468
16 4 0011001001101010001011110111011000101011000011110001011000000111011101000110010001011101001010010011 -783.8527468
16 4 1100101111110010001010100111100110101010101000001111001001010111111100001010101000000000000001011000 -784.5697793
16 4 0011011001110111010101011110000000100110110100001110000011110011000111000010100000000100110011001000 -783.8527468
16 4 0000000101001000011101100101000010010000101010101100000000110010011000111011110001011101111101101011 -783.8527468
16 4 1000110111100010101011001101010010000000010011100110111000101110001011100110000100010010110101111111 -780.9846167
16 5 0000000000000000000000000000000000000000000000000000000000000000000000000000000000000000000000000000 -653.2491641
16 5 1010000001110110111110111101010101110001110101100011010010111111010000111011110100101001011001011100 -651.1897028
16 5 1101111010100000011101010101001111000101111001111111111101111010111011101011111101010011101111011000 -654.2788947
16 5 0000011010100110110110110110101101100110100000101110011011110111011001001010111100011001010010111000 -653.2491641
16 5 1101111000111011101101101010110011000101101111101111001000100111101110000110101101101001001001101000 -654.2788947
16 5 0010100001111111001000100001001110111110010111000111111111010110101101001100000010110000011101000001 -653.2491641
17 1 0000000000000000000000000000000000000000000000000000000000000000000000000000000000000000000000000000 4
17 1 0010101101010001101111100101000010010111000110100001010100101010000011000101101001101010110010110111 4
17 1 1001011011011100011111111010111010011000100000011110011001101001011011011010111101010100100101101111 3
17 1 0011000101001001111101011101101110101001101100101000001110111101101111011000111010110001111100000001 4
17 1 0010010111001110110111011100111000011101001100101011010110011011101001110011110010011010101011000010 4
17 1 1100000110000100101000001000011001011101100101101011000111111011101011000110011100111001111011010110 2
17 2 0000000000000000000000000000000000000000000000000000000000000000000000000000000000000000000000000000 -308.0303273
17 2 1010111100110000100100101110111011011110111111101111101011101000001110100011011011011110111011110101 -309.8733614
17 2 1101111000101001100000000110001110001110000101000101100011000101111001000110011111011111111110110010 -311.7163955
17 2 0101101100110101010101001110010100101001100111101111011010111011011101100001101101000100111111110000 -308.0303273
17 2 0011100111101011011110101111101001111111010111110001111110111111011010111000110101111111100010111100 -308.0303273
17 2 1100100001101110111100101010101000110001110100100101100101001111111010110000110110110010001111111110 -311.7163955
17 3 0000000000000000000000000000000000000000000000000000000000000000000000000000000000000000000000000000 795.8314073
17 3 0100000000101010000100011011011101000010011110000110111011000001101001010000111110001001010110001011 809.3613935
17 3 1110010110110000011101110000110000110000011110001010010011111110100010111000011011010110110011010111 813.8713888
17 3 1110101010110110010000111001001111110010010100001000011111101001001101110010111100011100010001001110 813.8713888
17 3 1001100001000001001000001000000011111001111100100111000000001000110001111011001000000001101011111110 813.8713888
17 3 1110011101110101110001111001110101000101111010001110010000000111001001101000111011010101001101000011 813.8713888
17 4 0000000000000000000000000000000000000000000000000000000000000000000000000000000000000000000000000000 -781.7016492
17 4 0000100110011011101111010100011010110110000000001101100001001101110001011101011110010011110010110001 -781.7016492
17 4 1100111101111001011111110011010011110100011001011101000000110001100111111110110000000110101001011010 -782.4186817
17 4 1101000110011000110010001100010110100000101111101010110011011010100001110010100011101000111110011010 -782.4186817
17 4 1111111010010000101111110110011100100010111010000010000010111011001101010010011010011101100110001100 -782.4186817
17 4 1010011011011010111001000011101011111111000111010111001110010111011010001110110111110011110100010001 -783.1357143
17 5 0000000000000000000000000000000000000000000000000000000000000000000000000000000000000000000000000000 -650.1599721
17 5 0111000110101001000000000110001101110100101010110001100111001000010100001111100111101011000111001111 -650.1599721
17 5 1000001110011100010001100010100111010110100111100011101011001011111000101010111100111010001011100110 -654.2788947
17 5 0100001110110100110111101001110000111110101000000110100101110110111110011101011111010110100011111000 -650.1599721
17 5 1101000100001001101010111011011001111011111110101001111111001101100111001010101000101110000000010100 -651.1897028
17 5 1001000001101101111100110100010100111010010010110110010001100101110100100110101111000110011000111110 -653.2491641
18 1 0000000000000000000000000000000000000000000000000000000000000000000000000000000000000000000000000000 0.01522765342
18 1 1010111011101010011011010010110110001101110011111100001110001001110010000000001100001010010011000011 1.089324619
18 1 0000000000011011000011110101001000011111011010011110000001001100110011111100101100001110000100011000 1.172058134
18 1 0100001011011010010110101100100110011001001101001010001101001101001011000010010011101000101010100011 0.7411799585
18 1 1100100001011001111000011101010001001011100100000000011011010101011011011000101101001001111000111100 1.277465508
18 1 1001001100011010100110101110000010010010010100000001110110110001011001010010001111000101101011101011 1.195600191
18 2 0000000000000000000000000000000000000000000000000000000000000000000000000000000000000000000000000000 -313.7275872
18 2 1101010110111001101001100000010101100101001000011010010001000100101011111010001010111011110110101011 -313.0113972
18 2 1100111011000000101000011110101000000001101000100011011101100101111011100100001011110100010100110001 -312.9398313
18 2 0111100101010111101001111110001011110001011000011000010001000001111001101000001110000011001101011110 -313.5948587
18 2 0001011110111010110000010011010001101100111111101011000010000101101110011111110001101111010111000110 -313.4866278
18 2 1001100110001011100100011111111011110100100010100100101011011010111100010011010000010110000001010011 -313.127113
18 3 0000000000000000000000000000000000000000000000000000000000000000000000000000000000000000000000000000 799.0537533
18 3 1011100111010111101101010100000101100011011101000001010111000100000010111100110110101100101101110000 801.8964899
18 3 1011101101110110010111110110111111010000111111101111100100110001110010111111110010100011111010110001 800.1103403
18 3 1101010010001000111000001101100100001111101000001100111011110000010001000101011111100101011001001101 799.6547333
18 3 0001000111110111100001001000011101100111101110111110111010101000001010110100000000100011010011000001 801.1775375
18 3 1110111010000111001111110101010111110001000000100001000100110000110100001111000101010010111001100001 801.001049
18 4 0000000000000000000000000000000000000000000000000000000000000000000000000000000000000000000000000000 -783.5220988
18 4 1101110011000101111000000110110100010101101000110111001011110001001101100110111001101000010001010100 -783.898149
18 4 0000011111101001011001011000001011011100111000111100101001110100111010011110100110011000110100000100 -784.0506419
18 4 0001011101101000010111101100010010000110010110100100101011011011100100101110001111010001111010110101 -784.0166842
18 4 1100101001111011011011000010000001110000110010101111010001111010101110010100111101001011000110110100 -783.8156433
18 4 1111100011001111011110101001011010011010101010101101111000000001011010000111101111010011101110110000 -783.908066
18 5 0000000000000000000000000000000000000000000000000000000000000000000000000000000000000000000000000000 -653.5380813
18 5 0000010001010111011110001000101011011010100101100100100001111111000101110011010000111110001100111001 -653.0605669
18 5 1010110111011110111110110001000100111110011010010011010111111010011101010100101000011001000101001001 -653.2760406
18 5 0011111000000101101100000011110011100000000111111000110011011111001010110001110011011001001100001000 -653.1773429
18 5 0110010000111110110011101001110100011100101010010001011100011010000010011011010111000010111010011001 -653.2512194
18 5 1010000011010101010000101010101010111001010111110000011011000010110100011000010001110101001000010110 -652.9962208
19 1 0000000000000000000000000000000000000000000000000000000000000000000000000000000000000000000000000000 100
19 1 0011001001101111111000000100011001001000010011100011010100110010110010100001101011100100000100000001 52
19 1 1110000101001101100010011111101000011011010111000010111111011101110010101010100000011000100101101000 48
19 1 1111000001010000110000011011000011100110101111010100100100101111001101111010000001101101010100011001 50
19 1 0101010011011010111001011000111010101011011010101101001101000001101111111010100110000111111110010110 42
19 1 0110010010110001000000010111101100111010111001101100111001000010011001001111111101101110000110110110 52
19 2 0000000000000000000000000000000000000000000000000000000000000000000000000000000000000000000000000000 -245.3671684
19 2 0000000101000011100000001010000000000011011110011000001000001001110101011111000101111010011001110000 -223.2507593
19 2 0110101011011000011111111000011100111111011100000111101011010100111101000100011011000111111010001011 -226.9368275
19 2 0000101100011000110001000100111101011010011010101100010000010000011101011010011010010110011100011111 -226.9368275
19 2 0010010100000011110010000111100000010110011011000101000000101000011010001001001110010011000010001100 -226.9368275
19 2 1110010010001010010100110110011111110011111011000010101010101001000010001000100111011000011100101000 -223.2507593
19 3 0000000000000000000000000000000000000000000000000000000000000000000000000000000000000000000000000000 976.2312224
19 3 1101000010001011011010001001011000111100011101110010111101101000010110110011010010100011010111101110 1003.291195
19 3 1100000011011010110111011111100001000101100100110111100111000101110101110011000110110001000101000010 1003.291195
19 3 1001001010011010101111111010111111101110101110000100101000110111100000001110110101000110010010111011 1021.331176
19 3 1011000100100111110110011000101101001010010011111100110101000001100110001110011001100000000010110111 1012.311185
19 3 0011010011011111011000000101100010100011110010100011100110111111011110100100010100010011000100010100 1039.371158
19 4 0000000000000000000000000000000000000000000000000000000000000000000000000000000000000000000000000000 -753.020348
19 4 1101011101100011110000011000011010000000011101011110011000100110011010001110101010111000100101101010 -754.4544131
19 4 1001011100000101011010011101100101001000100110110111111000100011101111101001111110011101101110011101 -754.4544131
19 4 0011110111000001010100111010100011011000110011011010110010011010111111100101110010101111010001011001 -745.8500227
19 4 0000001010000100110011011011001110100111001111100111101111110001101100010011000100010101010010011110 -744.4159576
19 4 0001010101100101101100010010001110010011000000110000100011000111010110100111111011100111101100100011 -748.7181528
19 5 0000000000000000000000000000000000000000000000000000000000000000000000000000000000000000000000000000 -604.8518234
19 5 0111100101110010101100011011001000100001010100111110011011001000100111110111010000011100110100001010 -598.6734395
19 5 0000011010111011100110011110111100110001010010101100001110101110001101001000000100001101010100001001 -604.8518234
19 5 0001011010111000001001001111001111100110001010000111011101111101001111111110000100100101111010011101 -604.8518234
19 5 0110100110111001111001100100010101101000011101010100011011100110110100111101100111100001111010101100 -600.7329008
19 5 1101111011110100000110100010011001101101000001010100101111001101011100111111001111010100111010000101 -604.8518234
20 1 0000000000000000000000000000000000000000000000000000000000000000000000000000000000000000000000000000 200
20 1 1111010100011111010101010100001001000011100010111001101100000110101111110101111111101010101000010101 92
20 1 1110000101000001000101000101000010011011010111001100111011111100100000011101011101110001111111000111 110
20 1 0101101001000010101010000001001111011011010001110110000110010111111010000100011000011000110101101010 102
20 1 0000000000111011100101101011000101001000101001110110011001111011011001111101110010111100110000101000 104
20 1 0111110110101100110011101011101001111010111011100011010111110001001010001010000101001110110001001011 94
20 2 0000000000000000000000000000000000000000000000000000000000000000000000000000000000000000000000000000 -153.215464
20 2 0011001001000001000010011101011001010011000011111000110001111011100101011001000101011110101000010110 -127.4129868
20 2 0110001100110100001100101111010101101010000101111111000010100011011101000110101010111011100010000000 -134.7851232
20 2 0001101100100111111101001011011001101101101001101011000110000011011000100011111011111001001011101001 -120.0408505
20 2 0010010110101001111001100010010101110101101111000100000100001000001010110011011110001110110110111010 -112.6687141
20 2 0000001000010110100100101010011111010101000000010011111111101100000100110100100111110111100111010010 -138.4711913
20 3 0000000000000000000000000000000000000000000000000000000000000000000000000000000000000000000000000000 1228.790964
20 3 0010111111000000011110001001111101010001111001010110110101101001011110001101011001110100110011010110 1300.95089
20 3 0110100000100000011110111110101111010100001111101101101010100110000110101111010010010000001111111001 1210.750982
20 3 1000110100101111100101010110000011011111100111110110101111000111001101110100111111011100011001010001 1282.910908
20 3 1110001011000001011111101001001100111110000110111011010110000011100101000000111101001110000100010111 1183.69101
20 3 1111011110111001111100111110000000010101111110111101010010010101100101101011011000001110011101000110 1255.850936
20 4 0000000000000000000000000000000000000000000000000000000000000000000000000000000000000000000000000000 -717.1687215
20 4 0011100110110010101110000001100010001101101110010100000110110011110011100100101111100000111100011111 -714.3005914
20 4 1011000011111000010010100111001010100110011101000010000000110000111001011110000000001000111011011101 -720.0368516
20 4 1110001111101110111101011111001011001010010000100111110100010000000111011001100001010011101111011000 -715.7346565
20 4 1000111011000011001010100000110010001000010001001111001110100000001000001101011010000010110110110100 -717.1687215
20 4 0000111001100000111011010100011111110010001000111101011010010110101111000111000000011110100100110010 -714.3005914
20 5 0000000000000000000000000000000000000000000000000000000000000000000000000000000000000000000000000000 -559.5436747
20 5 0101101111111110110001101001100100000101011010010111100100000101100000000010001010111100110011010011 -549.2463682
20 5 1100001011110110000110101000100110110110011011000100000100010000001010100110001011011000110101011000 -549.2463682
20 5 1110000000101010000101001010110010010100110111001000110111111111101010000100010111100101010010110100 -549.2463682
20 5 0001110001011011101001110100010001000111100101101101100011000110011101001110101011101101000010010110 -555.4247521
20 5 1001100111011110011001101100011110001010110100001111000001000000001110000011101111001110011111100001 -557.4842134
21 1 0000000000000000000000000000000000000000000000000000000000000000000000000000000000000000000000000000 300
21 1 1100100000110100011000001100101101110111000000000011111111111100011101101000111110000011111111011001 160
21 1 0111010001010110011011101100110011111100000100101111000000110100111111101100101111111000101111110001 168
21 1 0000101111110101011000110011111000001101101011000010101101000100100001000110101001001000011011100010 140
21 1 1110101100010011000101111100100111110111100010111111101101110110100111111100110000001011101111011010 156
21 1 1100101110011001101001010110110000101010110011110001001101011000111100011100000010111100110100001010 146
21 2 0000000000000000000000000000000000000000000000000000000000000000000000000000000000000000000000000000 -64.74982784
21 2 0111001010100111000100000100110010001110011101100101010101010000101101010001101110100001010000100111 8.971535646
21 2 1111111001110110000110110010110001001010111000101000110001011011111000010111101110010110000001111011 -35.26128245
21 2 1110011000110011111011100101101001000101011110001111101001101100100100100011011101110110001111000011 -27.8891461
21 2 1011110011011111101001101100110111111110011101110000001010001100000101101000110001111111101111011110 -42.63341879
21 2 0111101011110110110100101001011100000000001001100110110110100010011101010000100101100000100110000010 -31.57521427
21 3 0000000000000000000000000000000000000000000000000000000000000000000000000000000000000000000000000000 1445.270742
21 3 1111010000011110100001101010111111110111111111111100000011101110111001001001001110001101000011110111 1445.270742
21 3 0100100011001101011010011011111110000010000001100110011010110011000010111100000000100000111010100101 1490.370695
21 3 0011010010010011010111010111100000111001110111011111111101000100101000011010010001111011100100101110 1535.470649
21 3 0111110110011011101110110010100101010001110001000110011001000101010101101011010110010111110001010110 1562.530622
21 3 0111011001011011000011011010001011011100101011010000001000101011111001100101011001101111111111000000 1445.270742
21 4 0000000000000000000000000000000000000000000000000000000000000000000000000000000000000000000000000000 -687.0533553
21 4 0001011100000001001111100010011110100011101010100011001000100000000001000111100011110001101111001101 -677.0148999
21 4 1100000000100001000000111000110000000110011010111110111101101010100110100111100100001100001111111111 -679.88303
21 4 0011110101101111111111110100010010100010011110110001000010011110110000000111110010001111011010101110 -679.88303
21 4 0000110010000001101011110110100001011100000010010100111110011010100000110111010100001111010100010101 -674.1467697
21 4 1011011100100010010000001011110010000000111011011001100001011101101010001110000011001100011000010100 -674.1467697
21 5 0000000000000000000000000000000000000000000000000000000000000000000000000000000000000000000000000000 -512.1760647
21 5 1000010010001001100000000110111100111010111111110111000100111101010101110111001100111111101111111011 -495.7003742
21 5 1001010000010111010001001001010011101001011011001100010100011111111010011001000000000010010111000011 -485.4030677
21 5 0111100101010101011100110001100000110010111011111100001001000111010101110111100110111100000001110001 -497.7598355
21 5 1101110000111111001100101111011010010100001010001000000011000011010111110111000000010110101111011110 -508.057142
21 5 1110111011011001111110001001000010100110101101100100001110000110010011110100101101110100011000100110 -489.5219903
22 1 0000000000000000000000000000000000000000000000000000000000000000000000000000000000000000000000000000 0
22 1 0001110011010110001111010101000100010110101001001100011101000100110111101100000110011110011111100000 -4951
22 1 1101001111011111001100000000110011101001100111110111100111010000001101000000010001000110000101010010 -4454
22 1 1100000111100010100111100001011100101010111100011110001101110001000111010110001011010111111011101110 -6345
22 1 1001110111100010110100110011000100101101001111100001111110100001110011110101001101010011000001110111 -5846
22 1 0100000010000100011101011010110010010101110011110000010101011100000101001001001001001011011010011011 -3656
22 2 0000000000000000000000000000000000000000000000000000000000000000000000000000000000000000000000000000 -8148.297334
22 2 0010010100001011110111100101100010011000110010100000010111101111101001100001011110001010111000010100 -8518.747186
22 2 1001100011111101111100011101101011110000110100101110111000010110110100010011000101111011011101011011 -11089.77974
22 2 0011110111100010010001100110110011000010010010000110010100011111100111111111001000111000000010010000 -7414.769767
22 2 0100000011111001001110100101111010010011001011110100011111100011111100000101100001010010111101111001 -8699.364526
22 2 1101100110001011111110111010110111001100000000101101110000011100000010101000111010100101111011000110 -8518.747186
22 3 0000000000000000000000000000000000000000000000000000000000000000000000000000000000000000000000000000 -20626.64664
22 3 0011000101101001011011011100010110110111110000111000011101101011011010101111111001010100000010111010 -19291.688
22 3 0110000101100001010111111001000100110011100000100001100010111111001101111101001110011001000101001111 -27815.57927
22 3 0111000110010111001100101010011111100011101010011100101011101100010100011110110111111001001011100101 -14339.71308
22 3 1111000001110110110100110101011111001010100110100101110111110011000110101011000011110101110100010011 -15701.73168
22 3 0010101110001011100110000001111010110000010110001100011011010000100000110100111010010101000100100001 -15250.73215
22 4 0000000000000000000000000000000000000000000000000000000000000000000000000000000000000000000000000000 -4404.149989
22 4 0000101100110101010000110111111100001001011100101010000100101110001001101010110001110110101000000111 -3692.136687
22 4 0110010111100111111111110100000010000000111101000110011011100010100100001111010111001100110011101110 -4546.839462
22 4 1000100111100100101110100000100001110101110011000111001100010000111011100001000101100011110001111001 -4619.97678
22 4 0001110011111100010000100001101010000110000000111110100000101010111101000111010010101011011001101010 -4547.556495
22 4 0111000101000000001111011011000010000000110111100001011100001100101011110110100000101101001101110011 -3476.309896
22 5 0000000000000000000000000000000000000000000000000000000000000000000000000000000000000000000000000000 -6774.997894
22 5 0101000010100110000000001101111000001100000011100101110110100001111101110100110010010011110110110100 -6060.364821
22 5 0000000010111110010100011110001100110111110111111100010101111110011111100110110001001100111101001110 -5750.415895
22 5 0010111111101101000101100100100100000000100110110001111010011011001001100001001000010101000100000101 -5440.466968
22 5 0111011101011001100000101100000101010000010111001001001000101110001110110001110001110011000110000000 -6467.108429
22 5 1101011001110011110110110100011110000000111001111001010011010010111000111111011001110001000010101100 -5752.475356
23 1 0000000000000000000000000000000000000000000000000000000000000000000000000000000000000000000000000000 0
23 1 0000000011111111010101111011010001000001010111011011010101011101011010100110101100011011100011011101 -1566
23 1 1110111101111010000011000110110011111011000100100000010000011011110110110001110000011001010010010100 -1332
23 1 1001001011101100100100011001001111011110010000000100111001101111100110101110111111100001000011111111 -1595
23 1 0110111100110001010000110000111110011011111000010010000000010100010000111011111100110011011010111010 -1381
23 1 1101010001110001000101100111111100100010100101111001001011111100101110011000100111101011001100100010 -1458
23 2 0000000000000000000000000000000000000000000000000000000000000000000000000000000000000000000000000000 -2932.510867
23 2 0000001000010010101000011110110001101101101100100111010000110010100001010110011001111011001000111001 -3435.659173
23 2 0100011101010010001110011000000001000100111010110010111101011011111101110010001001011110011010001111 -3129.715515
23 2 1000111101011100010001000001000010100111100100101110111111001110111010101110111011001000111110010100 -2536.258539
23 2 1111000011000110110000010011001100101010100110110001100010010010111011110001000001111001000001010111 -3452.24648
23 2 1010100110011011010011000101101101111000000101101110110100010011010010001001100001101110010110001000 -3074.424492
23 3 0000000000000000000000000000000000000000000000000000000000000000000000000000000000000000000000000000 -5518.162121
23 3 0011000100011101110001001100000001001010100101010110001011000100000110110011100001000100110001101110 -6397.61122
23 3 1011111110100100101001011111110100111101101010100000000001101001010001110000011000111000101101101001 -6663.700947
23 3 0011011011001001110100001111010101011111111010001010001000001100000110101101001011111010001000110100 -5648.951987
23 3 0011111111000010011000101011000000101001001100110011000101010101011100110001001011000000110011011000 -5779.741853
23 3 0001010011010101100000110000100001011111011101010100101111000111001111010001010110100010010100100110 -7056.070545
23 4 0000000000000000000000000000000000000000000000000000000000000000000000000000000000000000000000000000 -1844.343858
23 4 1111101001000001111101010000011101110011101011110110000000010101111100011100000100101001100011100011 -1802.755971
23 4 0001010000110110001100101001110001010101000011010100100011100001000110000000000010110000010101100111 -1802.755971
23 4 0110010001111001111001100000000000100111110110111110100001000010010101010111001101111000110001111100 -1718.863165
23 4 1010110001010010111010001111100000101110111110111100010001001110001001111001001101011111001010111110 -1857.967476
23 4 0101011100111100000000101011000100101011101110001011100001001100111110001001111110111000010110101001 -1914.613046
23 5 0000000000000000000000000000000000000000000000000000000000000000000000000000000000000000000000000000 -2316.264168
23 5 1001111100011100110011010000011000100110110110000000100010101101101110011001001010000010110110110101 -2206.082988
23 5 0000001001011110101110001010001111111010110001110101011010111010111100000110000110011001100101101111 -1915.698944
23 5 1111011100010110100101111010100000011000001000110101000010010101001001100101110010001001111101001100 -1805.517764
23 5 1100101111101001111010000111011100101010100011101000001110111010001111100000101001110011011111001110 -2306.996592
23 5 1000000001000101011111111111010110100000110100110011101100010010001111010011010101010111101010001001 -2266.837097
