1 1 0000000000000000 0
1 1 1110000011010011 8
1 1 1100111101100110 10
1 1 0101111110101101 11
1 1 0111000000010010 5
1 1 1110010111101011 11
1 2 0000000000000000 -296.9721228
1 2 1011111010011000 -298.8151569
1 2 0100111010110011 -302.5012251
1 2 1110010001001010 -295.1290887
1 2 0001001110110101 -308.0303273
1 2 0001100011011010 -298.8151569
1 3 0000000000000000 836.4213657
1 3 1010000000001000 822.8913796
1 3 0111110111011000 818.3813842
1 3 1110011001000111 831.9113703
1 3 1111100101111010 822.8913796
1 3 1101010000111111 827.401375
1 4 0000000000000000 -778.1164865
1 4 0110100011000111 -779.5505516
1 4 1110111011001111 -779.5505516
1 4 0001000000010101 -778.1164865
1 4 0111111110101000 -780.9846167
1 4 0001001110001100 -778.1164865
1 5 0000000000000000 -643.9815882
1 5 1111001110111000 -646.0410495
1 5 0011001010001110 -649.1302415
1 5 1000111110111111 -643.9815882
1 5 1111010100001110 -649.1302415
1 5 0101001010000100 -647.0707802
2 1 0000000000000000 0
2 1 1011011001011001 1
2 1 0100000100010111 0
2 1 1000110101010001 1
2 1 1100011100101100 2
2 1 1111011100101101 4
2 2 0000000000000000 -315.4024637
2 2 1011110000000001 -313.5594296
2 2 0101101101110001 -315.4024637
2 2 1011011111000101 -313.5594296
2 2 1110001100111011 -308.0303273
2 2 1100101100001001 -311.7163955
2 3 0000000000000000 813.8713888
2 3 0010000111001001 804.8513981
2 3 0100001101100011 800.3414027
2 3 1010011111111011 795.8314073
2 3 1101010100100110 795.8314073
2 3 1011110010011110 795.8314073
2 4 0000000000000000 -784.5697793
2 4 1111100101111101 -783.8527468
2 4 1000100101101110 -781.7016492
2 4 1100011011100110 -783.8527468
2 4 1001101100100001 -782.4186817
2 4 1010111001001111 -783.1357143
2 5 0000000000000000 -654.2788947
2 5 1100111001110101 -653.2491641
2 5 0110100100000111 -654.2788947
2 5 1010111000011100 -652.2194334
2 5 1011001010000000 -652.2194334
2 5 0111111110011110 -654.2788947
3 1 0000000000000000 0
3 1 1110010011101100 69
3 1 1000000000110110 53
3 1 0101111111001000 64
3 1 1000001100010111 73
3 1 0100001100101010 56
3 2 0000000000000000 -125.5699527
3 2 0111101110111011 -237.995032
3 2 0011000101010001 -131.099055
3 2 1010110000010101 -153.215464
3 2 0100000010101101 -237.995032
3 2 0010011110111100 -223.2507593
3 3 0000000000000000 1070.941125
3 3 0010011010110101 1260.360931
3 3 1111001100001110 958.1912409
3 3 0101011011000100 1116.041079
3 3 0001110011101001 1116.041079
3 3 0000110100100000 1079.961116
3 4 0000000000000000 -733.6604697
3 4 0001111101100001 -761.6247384
3 4 0010111001110110 -725.7731119
3 4 1000000110011010 -710.7154288
3 4 0010010010111000 -733.6604697
3 4 1110100000101011 -758.0395757
3 5 0000000000000000 -565.7220586
3 5 0111010101111110 -627.5058978
3 5 0001100100001000 -569.8409812
3 5 1001010100000010 -582.197749
3 5 0101101110111110 -600.7329008
3 5 0000011011001101 -591.4653249
4 1 0000000000000000 0
4 1 1001011110010101 6
4 1 1010111111011011 4
4 1 0010011010100001 2
4 1 0101111000110010 5
4 1 0011100010100110 3
4 2 0000000000000000 -306.1872933
4 2 0011010100110001 -309.8733614
4 2 1110101111000111 -308.0303273
4 2 0000001111111100 -311.7163955
4 2 1101010101010011 -304.3442592
4 2 0010011100001010 -309.8733614
4 3 0000000000000000 813.8713888
4 3 1100000110011001 804.8513981
4 3 0110111110000101 813.8713888
4 3 1001001000010110 818.3813842
4 3 0011101010000111 818.3813842
4 3 0101110101101101 809.3613935
4 4 0000000000000000 -781.7016492
4 4 1100011001111101 -781.7016492
4 4 0100100100110101 -780.9846167
4 4 0000101000111110 -781.7016492
4 4 0111101011000110 -783.1357143
4 4 1001010001110100 -780.9846167
4 5 0000000000000000 -649.1302415
4 5 1100110101111001 -648.1005108
4 5 1000110011100101 -648.1005108
4 5 0101100001101010 -650.1599721
4 5 1001110101100100 -648.1005108
4 5 0111101101110010 -651.1897028
5 1 0000000000000000 0
5 1 1111000001110001 7
5 1 0110010111011101 8
5 1 1010011101100011 7
5 1 0100101000000011 4
5 1 1100011100101111 8
5 2 0000000000000000 -300.658191
5 2 0111111110001100 -306.1872933
5 2 1001111110100001 -306.1872933
5 2 1111110000111011 -298.8151569
5 2 1010001000110011 -300.658191
5 2 1110001101111101 -300.658191
5 3 0000000000000000 831.9113703
5 3 0111100010011111 818.3813842
5 3 1100100110100011 818.3813842
5 3 1000010000100011 827.401375
5 3 0000010001101111 836.4213657
5 3 1111001010000110 813.8713888
5 4 0000000000000000 -778.8335191
5 4 1000000110111010 -776.6824215
5 4 0110000011111100 -780.2675841
5 4 1101000011111000 -780.2675841
5 4 1111000001001010 -780.9846167
5 4 0011100010101000 -781.7016492
5 5 0000000000000000 -645.0113189
5 5 1000110011100001 -641.9221269
5 5 0010111011111100 -648.1005108
5 5 1111111100110101 -647.0707802
5 5 1000100110101101 -641.9221269
5 5 0001111100011100 -648.1005108
6 1 0000000000000000 0
6 1 1110100000010011 1
6 1 0011001011111011 3
6 1 0010101010111001 2
6 1 0001100011100110 3
6 1 0111110111000100 3
6 2 0000000000000000 -309.8733614
6 2 1111000101011101 -309.8733614
6 2 1100001111100100 -309.8733614
6 2 1011101101011001 -308.0303273
6 2 0011001110101000 -313.5594296
6 2 0010010111010001 -311.7163955
6 3 0000000000000000 813.8713888
6 3 0010101011001111 809.3613935
6 3 0100011010100111 809.3613935
6 3 0000011101000111 809.3613935
6 3 1000111000110111 818.3813842
6 3 0010110000100010 809.3613935
6 4 0000000000000000 -782.4186817
6 4 0100001000100100 -783.1357143
6 4 0001110100000110 -781.7016492
6 4 1010101111110101 -782.4186817
6 4 1111100101110100 -783.1357143
6 4 1011011001111110 -782.4186817
6 5 0000000000000000 -650.1599721
6 5 1000000111110100 -650.1599721
6 5 1111101110101110 -651.1897028
6 5 1000001101000110 -652.2194334
6 5 0110101110010110 -652.2194334
6 5 1111001110010001 -652.2194334
7 1 0000000000000000 0
7 1 1000011001010111 9
7 1 0010010001100110 10
7 1 0011110101001001 8
7 1 1100011111100110 6
7 1 0001101100111111 10
7 2 0000000000000000 -300.658191
7 2 1111101011100110 -300.658191
7 2 0100010000000011 -304.3442592
7 2 1111011110010101 -306.1872933
7 2 0010110011000111 -296.9721228
7 2 1011011110110011 -306.1872933
7 3 0000000000000000 840.9313611
7 3 1010100111101111 827.401375
7 3 1110101111000100 840.9313611
7 3 0011000001011111 827.401375
7 3 0010111111100001 827.401375
7 3 1100100101111101 827.401375
7 4 0000000000000000 -780.9846167
7 4 1111110011111010 -778.1164865
7 4 0000110101001010 -779.5505516
7 4 1011000000101000 -778.8335191
7 4 1010110001110110 -777.399454
7 4 1111010011100101 -776.6824215
7 5 0000000000000000 -647.0707802
7 5 1110010010111101 -646.0410495
7 5 1010110000110000 -647.0707802
7 5 1000110110011110 -648.1005108
7 5 0101101111110000 -646.0410495
7 5 0010011111000010 -647.0707802
8 1 0000000000000000 1
8 1 0010100000111001 4
8 1 0110110010011011 5
8 1 0111010100000111 5
8 1 0110101110010110 5
8 1 1010001101010011 5
8 2 0000000000000000 -304.3442592
8 2 0011010111000010 -308.0303273
8 2 1111000010100110 -306.1872933
8 2 0010110010011111 -308.0303273
8 2 0100111111010110 -306.1872933
8 2 1010111101011001 -304.3442592
8 3 0000000000000000 818.3813842
8 3 1011100010010111 818.3813842
8 3 0100100111001100 818.3813842
8 3 0001100111011111 818.3813842
8 3 0100110100100001 818.3813842
8 3 0001100110001100 813.8713888
8 4 0000000000000000 -780.9846167
8 4 0001101010001011 -781.7016492
8 4 0001000110001111 -780.2675841
8 4 0011011101001010 -781.7016492
8 4 1101101101010111 -780.9846167
8 4 0101001111101100 -781.7016492
8 5 0000000000000000 -648.1005108
8 5 0110000001111110 -651.1897028
8 5 1101000011001101 -649.1302415
8 5 1000100000010111 -648.1005108
8 5 1100101000111100 -649.1302415
8 5 0101111110110010 -649.1302415
9 1 0000000000000000 1
9 1 1100110111100111 10
9 1 0010010111010101 9
9 1 1010011101011011 11
9 1 0000010010010011 4
9 1 0110010111010101 8
9 2 0000000000000000 -295.1290887
9 2 1010100100010001 -291.4430206
9 2 1010100100011110 -295.1290887
9 2 0000001111000100 -304.3442592
9 2 0011000100111100 -304.3442592
9 2 0000111100010011 -304.3442592
9 3 0000000000000000 831.9113703
9 3 1100010011100111 836.4213657
9 3 1110001111101000 827.401375
9 3 0000000010010001 845.4413565
9 3 1111010000100000 813.8713888
9 3 1110001000011011 822.8913796
9 4 0000000000000000 -778.8335191
9 4 0010110010000011 -778.8335191
9 4 1111000101000100 -778.1164865
9 4 1011011011100100 -778.1164865
9 4 1000110110000001 -777.399454
9 4 0000111111111111 -778.8335191
9 5 0000000000000000 -642.9518575
9 5 1010010100111010 -645.0113189
9 5 0011111101011110 -652.2194334
9 5 1000001111000101 -643.9815882
9 5 0011100001101011 -645.0113189
9 5 0110001110111111 -648.1005108
10 1 0000000000000000 0
10 1 0011001000011011 9
10 1 0100101111110110 6
10 1 1101110100000110 8
10 1 0010111111011100 6
10 1 1101011101110000 7
10 2 0000000000000000 -304.3442592
10 2 0100001011101111 -313.5594296
10 2 1100101011110110 -304.3442592
10 2 0101001110001110 -311.7163955
10 2 1000000010100101 -298.8151569
10 2 1001001000101101 -313.5594296
10 3 0000000000000000 827.401375
10 3 0100011111100110 831.9113703
10 3 1011111111000001 836.4213657
10 3 1111011110111111 800.3414027
10 3 0111110001110001 822.8913796
10 3 0110000010101011 840.9313611
10 4 0000000000000000 -779.5505516
10 4 1100111001010100 -779.5505516
10 4 0001111100110110 -780.2675841
10 4 1100110010010100 -774.5313239
10 4 1100000011100100 -779.5505516
10 4 1000001100111111 -780.2675841
10 5 0000000000000000 -648.1005108
10 5 0000001110111110 -646.0410495
10 5 0110001111011110 -652.2194334
10 5 0110110000010000 -645.0113189
10 5 0011011011010011 -653.2491641
10 5 0010101010010010 -646.0410495
11 1 0000000000000000 0
11 1 1010000100010110 1
11 1 0000101111110011 0
11 1 0011110001010011 0
11 1 1110010110110011 2
11 1 0011100001010110 0
11 2 0000000000000000 -315.4024637
11 2 1010011001010011 -313.5594296
11 2 1111110010011101 -311.7163955
11 2 0101101011101110 -315.4024637
11 2 1001100010100001 -313.5594296
11 2 0111001001111100 -315.4024637
11 3 0000000000000000 809.3613935
11 3 0111111000100101 800.3414027
11 3 1000111111100111 795.8314073
11 3 1011011010110110 795.8314073
11 3 0110000010001100 800.3414027
11 3 0101000001011100 800.3414027
11 4 0000000000000000 -784.5697793
11 4 0110010101011011 -784.5697793
11 4 1010111110011011 -782.4186817
11 4 1000001110010011 -782.4186817
11 4 0000101101101101 -784.5697793
11 4 1111000100110101 -783.8527468
11 5 0000000000000000 -654.2788947
11 5 0100101110110000 -654.2788947
11 5 1100100111111010 -653.2491641
11 5 1011001100110100 -652.2194334
11 5 0011010111111111 -654.2788947
11 5 1101011110101110 -653.2491641
12 1 0000000000000000 0
12 1 0010100001100010 0
12 1 1101110100001100 2
12 1 1100100001010000 2
12 1 0011010110101101 0
12 1 0101100100110110 0
12 2 0000000000000000 -315.4024637
12 2 0111011111101110 -315.4024637
12 2 0010001111100010 -315.4024637
12 2 0110000000011101 -315.4024637
12 2 0111111111110011 -315.4024637
12 2 1001101111010010 -313.5594296
12 3 0000000000000000 813.8713888
12 3 0010111000000000 804.8513981
12 3 0100000110111000 800.3414027
12 3 1010001001111000 795.8314073
12 3 0101001000100011 800.3414027
12 3 1111111110100110 795.8314073
12 4 0000000000000000 -784.5697793
12 4 1111101001101110 -783.8527468
12 4 1001001101110100 -782.4186817
12 4 1011110110111011 -783.1357143
12 4 0001100000110100 -784.5697793
12 4 1001001010000000 -782.4186817
12 5 0000000000000000 -654.2788947
12 5 1100100001011010 -653.2491641
12 5 0011110000100111 -654.2788947
12 5 0000000101010010 -654.2788947
12 5 1010011001011010 -652.2194334
12 5 1101110100011011 -653.2491641
13 1 0000000000000000 0
13 1 1011100001011111 2
13 1 0010001011110111 0
13 1 1010010010110000 1
13 1 1111100001111001 2
13 1 1011100111111110 5
13 2 0000000000000000 -315.4024637
13 2 1110100111100001 -311.7163955
13 2 1011000000110100 -313.5594296
13 2 0111111000110011 -313.5594296
13 2 1100111011011011 -311.7163955
13 2 0001010111001110 -315.4024637
13 3 0000000000000000 809.3613935
13 3 0000000010101100 804.8513981
13 3 1010000100110101 795.8314073
13 3 1111011100111100 795.8314073
13 3 0111010010001000 795.8314073
13 3 1001111101110001 800.3414027
13 4 0000000000000000 -783.1357143
13 4 1110101011110001 -784.5697793
13 4 1011001110111010 -783.8527468
13 4 1000100101111011 -783.8527468
13 4 1001101110010011 -783.8527468
13 4 1000110100010100 -780.9846167
13 5 0000000000000000 -652.2194334
13 5 1011111101110110 -653.2491641
13 5 0100010111010011 -654.2788947
13 5 1001001110101100 -653.2491641
13 5 0000011001001001 -653.2491641
13 5 0101010000001011 -654.2788947
14 1 0000000000000000 0
14 1 0111101000101101 0
14 1 0101001000010110 1
14 1 1010101101101110 0
14 1 0011001000011100 0
14 1 1011101100010110 1
14 2 0000000000000000 -311.7163955
14 2 1111000010001011 -315.4024637
14 2 0011001111100001 -313.5594296
14 2 1111100101100000 -315.4024637
14 2 1101100000110010 -313.5594296
14 2 0001001010100000 -315.4024637
14 3 0000000000000000 809.3613935
14 3 0011001001001000 800.3414027
14 3 1101001110001000 800.3414027
14 3 1111100001110111 795.8314073
14 3 0001111100000010 795.8314073
14 3 1001110000001001 804.8513981
14 4 0000000000000000 -784.5697793
14 4 1110111000010001 -784.5697793
14 4 1111011111111010 -781.7016492
14 4 1101101011111100 -784.5697793
14 4 1011110110001111 -783.8527468
14 4 0101100011100011 -783.8527468
14 5 0000000000000000 -654.2788947
14 5 1011001100011110 -653.2491641
14 5 1111110010000011 -650.1599721
14 5 0101001110000000 -653.2491641
14 5 1101110000100011 -654.2788947
14 5 0000001111011001 -654.2788947
15 1 0000000000000000 1
15 1 1010001100110000 1
15 1 1100001011000011 2
15 1 1101010111111111 2
15 1 1111001000111010 3
15 1 0000011011100000 1
15 2 0000000000000000 -313.5594296
15 2 1000011110100111 -313.5594296
15 2 1011010101100011 -313.5594296
15 2 0100011100001001 -313.5594296
15 2 1010100011000011 -313.5594296
15 2 1010000100110111 -313.5594296
15 3 0000000000000000 809.3613935
15 3 1111100110110111 800.3414027
15 3 1000101100011111 800.3414027
15 3 0001011010010100 804.8513981
15 3 0110101110000001 800.3414027
15 3 0001001000111000 804.8513981
15 4 0000000000000000 -783.8527468
15 4 1000011100001100 -781.7016492
15 4 0110011101000010 -783.8527468
15 4 1110101110111100 -783.8527468
15 4 1001001010010000 -783.1357143
15 4 0000100000000011 -783.8527468
15 5 0000000000000000 -653.2491641
15 5 0001101111111100 -653.2491641
15 5 0111001111000111 -653.2491641
15 5 1101001001000111 -653.2491641
15 5 0111001011000001 -653.2491641
15 5 0111111000111000 -653.2491641
16 1 0000000000000000 1
16 1 1111000111111011 5
16 1 0001010110000010 1
16 1 0111011001110100 1
16 1 0011000100011010 1
16 1 1111011110111101 5
16 2 0000000000000000 -313.5594296
16 2 0000000101101010 -313.5594296
16 2 0110011001000011 -313.5594296
16 2 0010111100110110 -313.5594296
16 2 0001011001000011 -313.5594296
16 2 1011000001011101 -315.4024637
16 3 0000000000000000 818.3813842
16 3 1011000110000110 800.3414027
16 3 0111110010010110 795.8314073
16 3 1001110110111001 800.3414027
16 3 1010011111100110 800.3414027
16 3 0010011010101101 809.3613935
16 4 0000000000000000 -783.8527468
16 4 1111100101000101 -784.5697793
16 4 0111101010111100 -783.8527468
16 4 0100100010010101 -783.8527468
16 4 0001000111101010 -783.8527468
16 4 1110100101000100 -784.5697793
16 5 0000000000000000 -653.2491641
16 5 1010011010111111 -651.1897028
16 5 0000010011011011 -653.2491641
16 5 0001101100011010 -653.2491641
16 5 1101010111000000 -654.2788947
16 5 1110110100100110 -654.2788947
17 1 0000000000000000 0
17 1 1010001001110101 5
17 1 0111001100100100 0
17 1 0000110111001001 0
17 1 0110110001100011 0
17 1 0010010101001100 0
17 2 0000000000000000 -315.4024637
17 2 1000000011111000 -306.1872933
17 2 1111001101101111 -309.8733614
17 2 1100001010111110 -308.0303273
17 2 0100100111111100 -315.4024637
17 2 0000101111010000 -315.4024637
17 3 0000000000000000 804.8513981
17 3 0101101100010101 818.3813842
17 3 1011011011100000 795.8314073
17 3 1111111111010000 795.8314073
17 3 1001100010110110 795.8314073
17 3 1100101000110010 795.8314073
17 4 0000000000000000 -784.5697793
17 4 1011001100110111 -781.7016492
17 4 0111001100001000 -784.5697793
17 4 0110110011000101 -784.5697793
17 4 1010011011101101 -781.7016492
17 4 1011111010010010 -781.7016492
17 5 0000000000000000 -654.2788947
17 5 1111111000010111 -649.1302415
17 5 1110010100101110 -649.1302415
17 5 0101100010111100 -654.2788947
17 5 0111010110000011 -654.2788947
17 5 1011100000000000 -650.1599721
18 1 0000000000000000 0.1032258065
18 1 0111000110100111 0.9142857143
18 1 0011001011001011 0.8
18 1 0011011100010000 1.777777778
18 1 0011010010111001 1.454545455
18 1 1011110100001110 1.391304348
18 2 0000000000000000 -313.296139
18 2 0101011111011011 -311.9332231
18 2 1011100110010010 -313.134114
18 2 1001110001110011 -311.9332231
18 2 1001110100000011 -314.3677779
18 2 0100001110110101 -313.6678434
18 3 0000000000000000 801.176587
18 3 0111010000110111 801.3821709
18 3 0010111100001001 810.2633925
18 3 1110011001001110 802.3914006
18 3 0111111000010101 801.8447345
18 3 0110010011111011 805.4527308
18 4 0000000000000000 -783.719963
18 4 1011111110111100 -784.136854
18 4 0110101001100011 -784.136854
18 4 0001100110100001 -783.4771583
18 4 1110101111110001 -784.0917576
18 4 0011000000100010 -784.2466097
18 5 0000000000000000 -651.9252247
18 5 1001100101011111 -653.3635786
18 5 0110010111111100 -652.7811047
18 5 1111010001111001 -651.9252247
18 5 1110010111001101 -653.6198671
18 5 0010101100001100 -653.5299997
19 1 0000000000000000 16
19 1 1110110011010100 6
19 1 1011011011001100 6
19 1 0010101010111011 4
19 1 1111001001001010 6
19 1 0000100010101110 8
19 2 0000000000000000 -300.658191
19 2 1100110001010011 -296.9721228
19 2 0101111111110110 -304.3442592
19 2 0011010100110011 -300.658191
19 2 0000110010000000 -300.658191
19 2 0101101000010011 -300.658191
19 3 0000000000000000 822.8913796
19 3 0100101011101010 840.9313611
19 3 0001000111000001 831.9113703
19 3 0001111111100110 822.8913796
19 3 1001001011000001 822.8913796
19 3 1001110100000000 822.8913796
19 4 0000000000000000 -780.2675841
19 4 0100010101000011 -778.8335191
19 4 1001110101011011 -778.8335191
19 4 0000010000100000 -778.8335191
19 4 0110111111100001 -778.8335191
19 4 0100001111010101 -777.399454
19 5 0000000000000000 -646.0410495
19 5 0000010011001001 -648.1005108
19 5 1001101010110000 -646.0410495
19 5 1101110000000000 -650.1599721
19 5 1000110110000010 -643.9815882
19 5 0011000100010110 -646.0410495
20 1 0000000000000000 32
20 1 1001001001101111 18
20 1 1011110001111111 18
20 1 1001111100111010 16
20 1 1100110010100001 14
20 1 1110011110101000 14
20 2 0000000000000000 -289.5999865
20 2 0001001101000110 -282.2278501
20 2 1011111010000101 -289.5999865
20 2 0001000110100100 -282.2278501
20 2 0011111111101011 -282.2278501
20 2 0001000111001101 -274.8557138
20 3 0000000000000000 858.9713426
20 3 0011110100010100 877.0113241
20 3 0101000101110001 867.9913334
20 3 0001001010100001 867.9913334
20 3 0100100000010100 867.9913334
20 3 0010010110100010 877.0113241
20 4 0000000000000000 -777.399454
20 4 1001010010010100 -768.7950637
20 4 0011100000110110 -774.5313239
20 4 1100001100011101 -774.5313239
20 4 0010101011111101 -773.0972588
20 4 0011001000111100 -774.5313239
20 5 0000000000000000 -639.8626656
20 5 0011100000111000 -633.6842817
20 5 0010001010111111 -639.8626656
20 5 0000011010011111 -637.8032043
20 5 1011010111101001 -639.8626656
20 5 0100001101110011 -643.9815882
21 1 0000000000000000 48
21 1 1101000111011100 24
21 1 0111010011000001 18
21 1 1011000100111000 22
21 1 0111100010101001 18
21 1 1101010000000110 26
21 2 0000000000000000 -278.5417819
21 2 1001111010110111 -263.7975093
21 2 1000001011010101 -278.5417819
21 2 1010111011100010 -271.1696456
21 2 1100011111111111 -274.8557138
21 2 1001111000011111 -267.4835774
21 3 0000000000000000 895.0513056
21 3 0001101011010000 904.0712964
21 3 0101111101100101 904.0712964
21 3 0111101111010101 895.0513056
21 3 1101010100001001 922.1112779
21 3 0001101110010010 913.0912871
21 4 0000000000000000 -771.6631938
21 4 1001100101101110 -767.3609986
21 4 1001010000011100 -765.9269335
21 4 1101101101111111 -768.7950637
21 4 1001111111001011 -771.6631938
21 4 1000100001110100 -764.4928685
21 5 0000000000000000 -629.5653591
21 5 1000110011110000 -629.5653591
21 5 0111101000111001 -625.4464365
21 5 1100111001011011 -627.5058978
21 5 0100100111110111 -631.6248204
21 5 0010011001011001 -625.4464365
22 1 0000000000000000 0
22 1 0010100011110000 -90
22 1 1001011111110110 -165
22 1 0011100010011011 -104
22 1 1001110101111011 -197
22 1 0000011000111101 -105
22 2 0000000000000000 -650.8346676
22 2 1001001100100110 -335.6758386
22 2 1011110111111001 -507.0780088
22 2 1010010011010111 -593.7006108
22 2 1010011110100011 -394.6529294
22 2 0000100010010011 -682.166247
22 3 0000000000000000 259.1419574
22 3 1011000111111010 601.9016061
22 3 0000110011101010 182.472036
22 3 0111101100111000 471.1117401
22 3 0101000000111000 543.2716662
22 3 0110100101011001 331.3018834
22 4 0000000000000000 -881.3691708
22 4 0001011000110001 -859.8581949
22 4 1100101001000000 -814.6851456
22 4 1111010111011111 -892.1246588
22 4 1111001101100001 -781.7016492
22 4 0010111010100001 -826.157666
22 5 0000000000000000 -841.6898735
22 5 0000001110110010 -825.2141831
22 5 0010011111100111 -744.8951922
22 5 1001110011110101 -742.8357309
22 5 1000001000010001 -825.2141831
22 5 0000000111110100 -825.2141831
23 1 0000000000000000 0
23 1 1011001111000100 -48
23 1 1001000000111011 -41
23 1 0010111111101100 -78
23 1 1000101100111110 -59
23 1 0000010001101111 -41
23 2 0000000000000000 -444.4148498
23 2 0011000101101110 -363.32135
23 2 1110011001000010 -464.6882247
23 2 1101001010110011 -376.2225886
23 2 0101111100111001 -370.6934863
23 2 0100001010100101 -348.5770773
23 3 0000000000000000 565.8216431
23 3 1111000111010000 710.1414952
23 3 0000010111010010 647.0015599
23 3 0001010101101111 579.3516292
23 3 1111011011100010 710.1414952
23 3 0011010100101110 692.1015136
23 4 0000000000000000 -826.8746986
23 4 0000111001100011 -800.344495
23 4 1110111110001110 -837.6301865
23 4 0100010111001100 -837.6301865
23 4 0010010110000101 -848.3856744
23 4 1111101001010101 -795.3252673
23 5 0000000000000000 -726.3600404
23 5 0101010100011010 -673.8437771
23 5 1001001110011001 -726.3600404
23 5 0001000100001011 -719.1519258
23 5 1110101010011111 -696.4978515
23 5 0011010110110010 -703.7059661
