308983
392.512
7943.07
102606
97587.9
101554
97855.7
206530
167130
9756.52
81623.8
67342.3
1150
290611
113235
83033.1
79699.6
193024
60108.1
227513
122467
75259.1
68827.9
96.1697
229.935
67948.3
169767
415.5
19248.3
18563.2
69080
711.827
209658
4740.66
77512.6
100.722
101483
190111
9537.15
152887
79391.7
14619.5
249.892
6581.01
4137.36
3458.56
140996
138235
17759.3
7616.5
20450.5
160617
137303
20252.9
12930.2
378.722
3.27646
38797.2
160798
131719
2069.92
27317.4
27736.7
2181.83
133770
160134
27200.2
895.302
100013
111748
2710.35
70027
16491.2
39486.9
138.051
12398.1
25862.5
13025.9
53903.2
68310.8
2032.29
136219
150448
96925.1
196938
175626
42110
4365.61
3170.25
53657.9
5408.37
118419
104036
116114
310391
73466.2
79450
248103
129721
13141.1
37206.6
47958.4
72.0002
15681.2
73847
290453
11030.8
64140.6
120026
64807.1
902.537
17994.6
8105.06
116404
97324
145981
42332.5
85366.6
22562
63722.4
162458
3264.73
138.376
46196.6
271370
128510
37048.1
276750
89912.9
226887
212987
254521
80948.1
158906
230906
74047.8
5259.81
35360.8
146315
19127.8
53413.3
7751.53
20687
65154.5
52220.3
15632
455.666
73753.3
12294.9
47578
6075.33
241285
9759.16
11363.1
115776
60447
19571.1
204284
104398
1385.85
303224
7805.04
114.767
307191
140237
1379.13
33299.7
1779.22
75359.9
282259
3349.14
59189.9
5468.39
14629.6
32935.5
375.974
139065
18495.7
48069.2
32796.6
270957
31228.6
4965.64
53.7256
584.533
158041
155917
143027
186814
4759.63
162994
206206
118183
2566.5
34521.4
121698
53791.7
99295.9
132602
31321
85109.4
1363.72
12817.9
187015
