990.74
32.5494
352.823
559.21
568.85
559.95
548.485
785.348
913.047
223.406
700.199
616.597
505.746
979.693
758.623
749.271
672.344
757.074
578.415
993.686
568.85
568.85
572.544
183.933
240.971
624.315
786.189
165.074
554.919
481.597
590.8
185.77
952.085
523.633
580.85
279.741
686.625
568.85
341.776
704.986
632.723
301.707
119.708
571.138
108.396
268.316
872.479
711.517
412.907
513.891
534.968
710.548
798.663
533.418
339.323
130.21
65.841
568.85
711.141
787.656
411.841
487.263
521.126
323.076
833.683
832.008
558.941
190.267
738.055
589.262
270.042
660.575
557.493
541.492
361.927
352.325
571.797
429.518
526.735
544.204
88.1892
783.534
785.378
747.671
874.57
811.585
550.29
215.515
198.075
483.087
285.447
878.594
677.543
779.584
994.942
637.299
625.128
909.798
719.351
531.154
563.76
568.85
246.57
437.362
576.841
999.996
364.511
602.588
675.987
556.354
461.559
374.191
560.82
713.427
571.547
837.725
481.739
701.095
375.537
587.579
726.419
281.89
184.028
556.139
938.163
747.533
512.281
945.044
712.808
835.994
826.95
931.389
573.185
829.452
937.334
617.706
312.373
529.72
870.387
569.764
560.378
286.413
551.871
559.973
576.41
551.786
149.078
561.532
555.668
516.346
487.248
956.195
574.727
438.579
610.951
561.731
378.402
808.933
580.338
141.922
993.043
566.464
97.8701
990.607
791.555
332.296
564.919
207.006
641.682
963.257
338.942
595.454
424.835
301.964
560.492
292.124
767.512
562.966
512.088
394.649
948.57
488.236
183.81
80.4163
153.232
568.85
703.58
915.07
795.348
259.236
706.117
940.635
614.623
218.806
531.087
610.253
567.551
648.415
754.229
609.316
683.856
507.91
268.566
874.068
3400
