170113
79189.3
13248.5
4022.24
4223.75
1544.61
86707.5
59951.2
653.874
226105
54750.4
4829.49
140884
173300
188725
194727
9566.9
4619.62
0
5905.85
128888
1915.21
71154.2
42432.1
264439
36671.1
27958
40909.6
51626.6
2081.27
13607.9
108773
11314.5
57463.4
136385
161430
955.931
148480
39869
146110
0
117312
95278.2
10877.4
566.433
312672
0
0
24424.9
1764.35
2476.28
192514
204201
72743.5
51290.7
143333
45835.3
10531.9
24086.4
53316.8
11870.7
119.785
0
0
0
179756
28190.2
138013
0
150077
28226.6
114845
5354.08
49824.1
81386.5
318863
0
257403
149260
0
37768.8
315.248
18848.6
476.773
1172.61
79948.1
9469.63
135272
0
0
0
25032.8
69738.5
168029
271987
22381.5
113888
14724.1
120661
10045.9
1208.4
9825.27
1401.11
0
69020.5
0
5934.32
0
33446
311033
303894
106.031
5177.67
0
99977.5
1702.88
1250.7
2025.97
0
238522
0
217242
0
27334.6
0
9265.36
283913
197587
4225.53
103636
214033
190109
1470.43
7.28734
403.845
59058.3
2969.92
40546.1
0
148993
0
128836
190404
49074.7
206314
16694.6
3274.76
0
122737
14615.4
7424.24
14734.8
196491
5606.5
36866.2
0
189749
100090
0
175609
44500.7
235468
0
0
138930
0
158657
208573
166220
0
309243
4099.26
177.363
86587.8
0
705.85
93359.7
255600
47861
31027.6
1021.16
9043.29
138161
8015
34066.7
25617.5
220074
247633
19098.3
73715.6
97519.4
90969.1
108839
214442
85819.6
24354.2
51181.5
0
0
37094.7
178225
214.201
30803.7
43837.6
10634.7
4076.98
2799.72
10302.8
253716
178099
4751.46
176244
41774.1
28107.4
26483.8
1963.69
215142
0
312267
38134.3
0
51275
4573.57
274736
582.881
167635
0
214569
14220.8
21399.1
1092.3
225511
209553
14000.3
35915.5
299129
0
253073
24666.3
256442
215169
1527.24
44033
254818
75044.8
0
201879
140.411
4554.16
0
34680.2
208956
0
184461
60359
158744
0
200405
194128
15824.1
173377
191693
176972
3812.22
8160.26
139071
63.9951
48607.6
1764.04
0
3120.28
139574
143192
5775.22
272121
5627.37
33182
3986.64
2039.93
14895.4
2195.8
83898.4
3829.3
65204.3
0
39313.8
26504.5
0
275.217
18940.8
63084.3
2877.23
17889.7
105312
50129.3
289.323
14640.2
49700.6
7477.55
258546
0
3274.69
29821.4
154.031
52319.5
24766.3
19389.8
280289
82123.9
24467.1
99730.3
0
242320
586.32
0
35174.2
256492
5803.86
12823.8
46464.5
0
81571.4
1794.62
5890.68
84839.8
277600
9675.76
141.883
55400.8
33306.8
0
263277
97450.2
70091.4
282227
0
73.4313
6510.07
110439
40411.8
37310.3
53023
100408
66803.7
0
0
4608.64
40631.5
0
1876.89
12020.2
12274.4
74612.3
44982.1
61845.8
182693
293421
301292
93786
148.918
312308
10595.9
43367.3
17341.9
32887.1
1769.2
11301.2
42718.3
186690
2872.5
282923
0
60579.2
0
197349
206664
113988
295.761
110574
