662.642
481.524
292.511
244.397
277.097
231.496
938.293
568.778
145.175
738.213
591.303
261.056
749.155
866.573
883.887
626.342
341.166
288.009
69.9721
287.575
713.63
186.418
611.821
537.306
1000
494.919
444.629
533.707
539.126
219.949
339.556
751.006
327.352
529.513
712.599
774.478
466.638
794.249
613.322
782.809
86.8761
714.061
654.472
384.382
243.87
999.189
38.266
107.144
456.449
227.181
300.754
761.2
882.399
649.803
577.475
778.015
588.03
355.517
435.169
519.489
341.008
203.23
26.7293
122.653
41.8547
760.646
406.346
643.753
10.0902
759.04
479.252
678.95
272.079
523.495
645.193
998.659
114.923
1000
759.979
85.7587
527.14
92.044
441.141
172.209
191.194
616.399
321.244
755.61
103.582
7.13631
50.4014
398.835
629.114
770.632
922.526
442.989
680.704
400.12
767.677
477.032
193.502
477.032
171.094
19.5332
623.623
141.959
377.539
53.656
508.725
993.484
1000
162.068
276.023
61.2941
705.636
207.741
221.318
212.232
61.2804
861.624
180.156
880.82
124.688
473.203
75.8528
477.032
968.404
1000
231.819
711.412
827.697
839.243
202.115
73.8007
220.115
477.032
225.555
484.721
87.9614
732.76
238.417
743.429
843.587
570.342
675.024
376.202
255.728
36.2309
716.553
356.706
316.604
429.311
1000
269.257
499.346
94.705
848.165
688.258
21.3793
799.316
588.071
948.87
40.0981
23.6212
724.044
133.094
773.948
887.811
819.761
20.8659
1000
245.308
139.703
639.797
85.1223
181.825
718.066
960.44
514.243
521.579
228.937
296.944
778.926
330.762
511.729
441.786
867.763
928.406
396.087
704.093
505.39
654.88
672.506
888.779
669.503
431.596
567.206
149.814
103.402
531.973
848.015
125.442
474.785
507.252
312.547
261.878
180.25
304.985
906.57
873.021
345.507
769.497
524.069
447.471
441.558
173.254
938.092
25.9607
991.265
540.497
48.5629
474.51
272.35
938.263
148.862
830.349
66.5325
904.239
370.843
477.193
120.984
912.728
928.643
371.364
474.333
964.273
51.1441
950.359
420.851
897.572
852.733
176.066
467.361
928.219
629.732
77.9919
1000
103.864
271.074
111.647
467.341
899.532
85.344
846.838
574.317
796.793
121.527
844.8
807.979
366.845
855.508
814.207
783.697
149.389
326.181
752.532
130.532
482.54
206.157
107.826
477.032
740.836
766.373
291.087
1000
308.442
505.531
228.127
250.317
307.513
190.346
637.528
246.833
591.524
32.4341
507.246
461.635
26.0336
194.74
454.154
617.31
222.818
418.55
709.75
513.229
98.4709
404.084
638.849
304.556
922.861
57.5073
191.391
418.15
270.5
496.29
401.909
432.386
933.817
698.541
475.434
694.352
182.064
864.528
143.353
13.2388
518.941
928.439
238.322
416.943
569.362
126.941
610.69
244.567
278.446
660.754
961.197
323.258
290.824
603.781
463.06
51.3407
976.866
651.272
646.05
1000
190.694
48.6054
374.668
767.608
487.698
552.55
574.891
683.103
602.144
104.135
202.92
312.863
538.613
14.8936
233.8
343.736
326.05
477.338
570.826
584.83
815.723
665.179
981.147
677.024
143.952
1000
351.527
688.409
428.024
413.452
203.962
425.556
462.837
839.128
211.254
963.112
40.0013
604.269
121.396
870.186
829.308
651.544
221.018
733.864
6316.67
